Unnamed: 0,rank,disr,diss,dior,dios,diar,tots,rank.1,disr.1,diss.1,dior.1,dios.1,diar.1,tots.1,label
0,336.2,0.0,0.0,7.0,2.3,0.0,2.3,80.20224435762381,0.0,0.0,4.189935029992179,0.674948557710553,0.0,0.674948557710553,0.0
1,330.4,0.0,0.0,4.1,1.3,0.0,1.3,75.34837607923463,0.0,0.0,2.5144029554194813,0.8232726023485646,0.0,0.8232726023485646,0.0
2,327.6,0.0,0.0,2.8,0.6,0.0,0.6,73.834951073323,0.0,0.0,1.6193277068654823,0.6992058987801011,0.0,0.6992058987801011,0.0
3,323.3,0.0,0.0,4.1,1.8,0.0,1.8,69.7759111569156,0.0,0.0,2.726414006223804,0.4216370213557839,0.0,0.4216370213557839,0.0
4,325.4,0.0,0.0,0.9,0.6,0.0,0.6,73.32606024539372,0.0,0.0,1.100504934614612,0.5163977794943222,0.0,0.5163977794943222,0.0
5,324.9,0.0,0.0,0.7,1.0,0.0,1.0,73.11702948014232,0.0,0.0,0.6749485577105528,0.0,0.0,0.0,0.0
6,329.22222222222223,0.0,0.0,2.888888888888889,0.8888888888888888,0.0,0.8888888888888888,69.72405929408043,0.0,0.0,1.536590742882148,0.7817359599705717,0.0,0.7817359599705717,0.0
7,321.7,0.0,0.0,4.2,1.7,0.0,1.7,69.43910201672317,0.0,0.0,2.616188916046478,0.8232726023485646,0.0,0.8232726023485646,0.0
8,321.5,0.0,0.0,1.1,0.6,0.0,0.6,69.18774779138604,0.0,0.0,1.1972189997378648,0.5163977794943222,0.0,0.5163977794943222,0.0
9,321.3,0.0,0.0,0.3,0.7,0.0,0.7,68.9412793614972,0.0,0.0,0.4830458915396479,0.6749485577105528,0.0,0.6749485577105528,0.0
10,321.1,0.0,0.0,0.9,0.7,0.0,0.7,68.69974931217402,0.0,0.0,1.100504934614612,0.4830458915396479,0.0,0.4830458915396479,0.0
11,320.9,0.0,0.0,0.4,0.6,0.0,0.6,68.46320990949162,0.0,0.0,0.5163977794943222,0.5163977794943222,0.0,0.5163977794943222,0.0
12,320.8,0.0,0.0,0.8,0.7,0.0,0.7,68.34682793582222,0.0,0.0,1.1352924243950937,0.4830458915396479,0.0,0.4830458915396479,0.0
13,320.7,0.0,0.0,3.2,1.0,0.0,1.0,68.23171305680862,0.0,0.0,1.6193277068654826,0.6666666666666666,0.0,0.6666666666666666,0.0
14,320.6,0.0,0.0,2.3,1.2,0.0,1.2,68.11787169637968,0.0,0.0,1.888562063228706,0.7888106377466155,0.0,0.7888106377466155,0.0
15,320.5,0.0,0.0,2.1,0.9,0.0,0.9,68.00531025017254,0.0,0.0,1.5951314818673867,0.7378647873726218,0.0,0.7378647873726218,0.0
16,320.4,0.0,0.0,1.1,1.1,0.0,1.1,67.89403508409264,0.0,0.0,0.9944289260117531,0.7378647873726218,0.0,0.7378647873726218,0.0
17,320.3,0.0,0.0,0.7,0.6,0.0,0.6,67.78405253286186,0.0,0.0,0.8232726023485646,0.5163977794943222,0.0,0.5163977794943222,0.0
18,320.2,0.0,0.0,0.8,0.8,0.0,0.8,67.67536889855538,0.0,0.0,1.1352924243950933,0.4216370213557839,0.0,0.4216370213557839,0.0
19,320.1,0.0,0.0,0.7,0.6,0.0,0.6,67.56799044912712,0.0,0.0,0.9486832980505138,0.5163977794943222,0.0,0.5163977794943222,0.0
20,320.0,0.0,0.0,0.7,0.6,0.0,0.6,67.46192341692543,0.0,0.0,0.6749485577105528,0.5163977794943222,0.0,0.5163977794943222,0.0
21,321.2,0.0,0.0,0.4,0.5,0.0,0.5,66.29362295458323,0.0,0.0,0.5163977794943222,0.5270462766947299,0.0,0.5270462766947299,0.0
22,321.0,0.0,0.0,0.4,0.7,0.0,0.7,66.47472368418607,0.0,0.0,0.5163977794943222,0.4830458915396479,0.0,0.4830458915396479,0.0
23,320.9,0.0,0.0,0.6,0.5,0.0,0.5,66.56734267725513,0.0,0.0,0.9660917830792958,0.5270462766947299,0.0,0.5270462766947299,0.0
24,320.8,0.0,0.0,0.6,0.4,0.0,0.4,66.66133311998293,0.0,0.0,0.699205898780101,0.5163977794943222,0.0,0.5163977794943222,0.0
25,320.7,0.0,0.0,0.9,0.5,0.0,0.5,66.75668921954978,0.0,0.0,0.7378647873726218,0.5270462766947299,0.0,0.5270462766947299,0.0
26,320.6,0.0,0.0,1.4,0.8,0.0,0.8,66.85340513225768,0.0,0.0,0.966091783079296,0.6324555320336759,0.0,0.6324555320336759,0.0
27,320.4,0.0,0.0,1.9,0.5,0.2,1.2,67.05089277721977,0.0,0.0,1.100504934614612,0.5270462766947299,0.6324555320336759,0.6324555320336759,0.0
28,320.3,0.0,0.0,1.6,1.2,0.3,1.5,67.15165258163378,0.0,0.0,1.3498971154211057,0.4216370213557839,0.4830458915396479,0.5270462766947299,0.0
29,320.2,0.0,0.0,1.4,1.0,0.0,1.0,67.25374834659156,0.0,0.0,1.3498971154211057,0.4714045207910317,0.0,0.4714045207910317,0.0
30,320.1,0.0,0.0,1.6,0.7,0.0,0.7,67.35717399719861,0.0,0.0,1.5055453054181618,0.4830458915396479,0.0,0.4830458915396479,0.0
31,320.0,0.0,0.0,0.8,0.9,0.0,0.9,67.46192341692543,0.0,0.0,0.9189365834726814,0.5676462121975466,0.0,0.5676462121975466,0.0
32,320.0,0.0,0.0,0.8,0.5,0.0,0.5,67.46192341692543,0.0,0.0,0.9189365834726816,0.5270462766947299,0.0,0.5270462766947299,0.0
33,320.0,0.0,0.0,0.8,0.8,0.0,0.8,67.46192341692543,0.0,0.0,0.7888106377466155,0.4216370213557839,0.0,0.4216370213557839,0.0
34,320.0,0.0,0.0,1.3,1.0,0.0,1.0,67.46192341692543,0.0,0.0,0.8232726023485646,0.4714045207910317,0.0,0.4714045207910317,0.0
35,320.0,0.0,0.0,0.2,0.4,0.0,0.4,67.46192341692543,0.0,0.0,0.4216370213557839,0.5163977794943222,0.0,0.5163977794943222,0.0
36,320.0,0.0,0.0,0.6,0.7,0.0,0.7,67.46192341692543,0.0,0.0,0.5163977794943222,0.4830458915396479,0.0,0.4830458915396479,0.0
37,320.0,0.0,0.0,0.4,0.2,0.0,0.2,67.46192341692543,0.0,0.0,0.5163977794943222,0.4216370213557839,0.0,0.4216370213557839,0.0
38,320.0,0.0,0.0,0.3,0.5,0.0,0.5,67.46192341692543,0.0,0.0,0.6749485577105528,0.5270462766947299,0.0,0.5270462766947299,0.0
39,320.0,0.0,0.0,0.3,0.3,0.0,0.3,67.46192341692543,0.0,0.0,0.4830458915396479,0.4830458915396479,0.0,0.4830458915396479,0.0
40,320.0,0.0,0.0,0.4,0.5,0.0,0.5,67.46192341692543,0.0,0.0,0.5163977794943222,0.5270462766947299,0.0,0.5270462766947299,0.0
41,320.0,0.0,0.0,0.5,0.3,0.0,0.3,67.46192341692543,0.0,0.0,0.7071067811865476,0.4830458915396479,0.0,0.4830458915396479,0.0
42,320.0,0.0,0.0,0.5,0.7,0.0,0.7,67.46192341692543,0.0,0.0,0.8498365855987975,0.8232726023485646,0.0,0.8232726023485646,0.0
43,320.0,0.0,0.0,1.2,0.4,0.0,0.4,67.46192341692543,0.0,0.0,1.1352924243950933,0.5163977794943222,0.0,0.5163977794943222,0.0
44,320.0,0.0,0.0,1.3,1.0,0.0,1.0,67.46192341692543,0.0,0.0,1.4181364924121764,0.4714045207910317,0.0,0.4714045207910317,0.0
45,320.0,0.0,0.0,1.2,0.8,0.0,0.8,67.46192341692543,0.0,0.0,1.398411797560202,0.6324555320336759,0.0,0.6324555320336759,0.0
46,320.0,0.0,0.0,1.4,0.8,0.0,0.8,67.46192341692543,0.0,0.0,1.2649110640673518,0.7888106377466155,0.0,0.7888106377466155,0.0
47,320.0,0.0,0.0,0.9,0.9,0.0,0.9,67.46192341692543,0.0,0.0,1.1972189997378646,0.3162277660168379,0.0,0.3162277660168379,0.0
48,320.0,0.0,0.0,1.3,0.9,0.0,0.9,67.46192341692543,0.0,0.0,1.1595018087284057,0.7378647873726218,0.0,0.7378647873726218,0.0
49,320.0,0.0,0.0,0.8,0.6,0.0,0.6,67.46192341692543,0.0,0.0,0.7888106377466155,0.5163977794943222,0.0,0.5163977794943222,0.0
50,320.0,0.0,0.0,2.2,0.7,0.0,0.7,67.46192341692543,0.0,0.0,1.0327955589886444,0.6749485577105528,0.0,0.6749485577105528,0.0
51,320.0,0.0,0.0,1.1,0.8,0.0,0.8,67.46192341692543,0.0,0.0,0.9944289260117531,1.0327955589886446,0.0,1.0327955589886446,0.0
52,320.0,0.0,0.0,0.6,0.4,0.0,0.4,67.46192341692543,0.0,0.0,0.6992058987801011,0.5163977794943222,0.0,0.5163977794943222,0.0
53,321.2,0.0,0.0,0.3,0.3,0.0,0.3,68.81989376465047,0.0,0.0,0.6749485577105528,0.4830458915396479,0.0,0.4830458915396479,0.0
54,321.0,0.0,0.0,0.4,0.4,0.0,0.4,68.58085252702341,0.0,0.0,0.5163977794943222,0.5163977794943222,0.0,0.5163977794943222,0.0
55,320.9,0.0,0.0,0.3,0.3,0.1,0.5,68.46320990949162,0.0,0.0,0.4830458915396479,0.4830458915396479,0.3162277660168379,0.7071067811865476,0.0
56,320.7,0.0,0.0,0.6,0.6,0.2,1.3,68.23171305680862,0.0,0.0,0.5163977794943222,0.699205898780101,0.6324555320336759,0.8232726023485646,0.0
57,320.6,0.0,0.0,0.4,0.5,0.2,0.6,68.11787169637968,0.0,0.0,0.5163977794943222,0.5270462766947299,0.4216370213557839,0.5163977794943222,0.0
58,320.5,0.0,0.0,0.7,0.4,0.0,0.4,68.00531025017254,0.0,0.0,0.9486832980505135,0.5163977794943222,0.0,0.5163977794943222,0.0
59,320.4,0.0,0.0,0.8,1.0,0.0,1.0,67.89403508409264,0.0,0.0,1.0327955589886444,0.4714045207910317,0.0,0.4714045207910317,0.0
60,320.3,0.0,0.0,1.1,0.6,0.0,0.6,67.78405253286186,0.0,0.0,1.100504934614612,0.5163977794943222,0.0,0.5163977794943222,0.0
61,320.2,0.0,0.0,2.3,1.2,0.0,1.2,67.67536889855538,0.0,0.0,2.057506581601462,0.9189365834726816,0.0,0.9189365834726816,0.0
62,320.1,0.0,0.0,0.7,0.9,0.0,0.9,67.56799044912712,0.0,0.0,1.0593499054713802,0.3162277660168379,0.0,0.3162277660168379,0.0
63,320.0,0.0,0.0,1.2,0.6,0.0,0.6,67.46192341692543,0.0,0.0,1.0327955589886444,0.6992058987801011,0.0,0.6992058987801011,0.0
64,320.0,0.0,0.0,1.1,0.7,0.0,0.7,67.46192341692543,0.0,0.0,0.8755950357709131,0.4830458915396479,0.0,0.4830458915396479,0.0
65,320.0,0.0,0.0,1.0,0.8,0.0,0.8,67.46192341692543,0.0,0.0,0.9428090415820634,0.6324555320336759,0.0,0.6324555320336759,0.0
66,312.8888888888889,0.0,0.0,1.2222222222222223,0.6666666666666666,0.0,0.6666666666666666,67.46192341692543,0.0,0.0,0.8333333333333335,0.8660254037844387,0.0,0.8660254037844387,0.0
67,325.8181818181818,0.0,0.0,0.5454545454545454,0.3636363636363636,0.0,0.3636363636363636,66.84581988698797,0.0,0.0,0.5222329678670935,0.504524979109513,0.0,0.504524979109513,0.0
68,320.0,0.0,0.0,1.9,0.7,0.0,0.7,67.46192341692543,0.0,0.0,1.1972189997378648,0.6749485577105528,0.0,0.6749485577105528,0.0
69,320.0,0.0,0.0,0.3,0.2,0.0,0.2,67.46192341692543,0.0,0.0,0.4830458915396479,0.4216370213557839,0.0,0.4216370213557839,0.0
70,312.8888888888889,0.0,0.0,0.2222222222222222,0.3333333333333333,0.0,0.3333333333333333,67.46192341692543,0.0,0.0,0.4409585518440984,0.5,0.0,0.5,0.0
71,320.0,0.0,0.0,0.4,0.5,0.0,0.5,67.46192341692543,0.0,0.0,0.6992058987801011,0.5270462766947299,0.0,0.5270462766947299,0.0
72,320.0,0.0,0.0,0.6,0.3,0.0,0.3,67.46192341692543,0.0,0.0,0.8432740427115679,0.4830458915396479,0.0,0.4830458915396479,0.0
73,320.0,0.0,0.0,0.6,0.8,0.0,0.8,67.46192341692543,0.0,0.0,1.07496769977314,0.4216370213557839,0.0,0.4216370213557839,0.0
74,320.0,0.0,0.0,1.0,1.0,0.0,1.0,67.46192341692543,0.0,0.0,1.0540925533894598,0.0,0.0,0.0,0.0
75,320.0,0.0,0.0,0.6,0.6,0.0,0.6,67.46192341692543,0.0,0.0,1.2649110640673518,0.5163977794943222,0.0,0.5163977794943222,0.0
76,320.0,0.0,0.0,0.7,0.7,0.0,0.7,67.46192341692543,0.0,0.0,1.4944341180973262,0.4830458915396479,0.0,0.4830458915396479,0.0
77,320.0,0.0,0.0,0.9,0.7,0.0,0.7,67.46192341692543,0.0,0.0,0.9944289260117531,0.4830458915396479,0.0,0.4830458915396479,0.0
78,320.0,0.0,0.0,1.6,1.0,0.0,1.0,67.46192341692543,0.0,0.0,1.429840705968481,0.4714045207910317,0.0,0.4714045207910317,0.0
79,312.8888888888889,0.0,0.0,0.5555555555555556,0.8888888888888888,0.0,0.8888888888888888,67.46192341692543,0.0,0.0,1.0137937550497034,0.3333333333333333,0.0,0.3333333333333333,0.0
80,330.6666666666667,0.0,0.0,0.75,0.6666666666666666,0.0,0.6666666666666666,65.91086726968797,0.0,0.0,0.8660254037844386,0.4923659639173309,0.0,0.4923659639173309,0.0
81,320.0,0.0,0.0,1.8,1.0,0.0,1.0,67.46192341692543,0.0,0.0,1.0327955589886444,0.9428090415820634,0.0,0.9428090415820634,0.0
82,312.8888888888889,0.0,0.0,2.0,0.6666666666666666,0.0,0.6666666666666666,67.46192341692543,0.0,0.0,0.8660254037844386,0.5,0.0,0.5,0.0
83,320.0,0.0,0.0,1.3,0.4,0.0,0.4,67.46192341692543,0.0,0.0,1.4181364924121764,0.5163977794943222,0.0,0.5163977794943222,0.0
84,312.8888888888889,0.0,0.0,0.6666666666666666,0.3333333333333333,0.3333333333333333,0.8888888888888888,67.46192341692543,0.0,0.0,0.7071067811865476,0.5,0.9999999999999998,0.6009252125773316,0.0
85,325.8181818181818,0.0,0.0,0.3636363636363636,0.4545454545454545,0.0909090909090909,0.9090909090909092,66.84581988698797,0.0,0.0,0.6741998624632421,0.6875516509523286,0.3015113445777636,1.044465935734187,0.0
86,320.0,0.0,0.0,1.0,0.5,0.1,0.5,67.46192341692543,0.0,0.0,0.816496580927726,0.7071067811865476,0.3162277660168379,0.7071067811865476,0.0
87,325.8181818181818,0.0,0.0,0.9090909090909092,0.6363636363636364,0.0,0.6363636363636364,66.84581988698797,0.0,0.0,1.0444659357341868,0.504524979109513,0.0,0.504524979109513,0.0
88,312.8888888888889,0.0,0.0,0.3333333333333333,0.2222222222222222,0.0,0.2222222222222222,67.46192341692543,0.0,0.0,0.7071067811865476,0.4409585518440984,0.0,0.4409585518440984,0.0
89,320.0,0.0,0.0,0.8,0.9,0.0,0.9,67.46192341692543,0.0,0.0,1.0327955589886446,0.3162277660168379,0.0,0.3162277660168379,0.0
90,312.8888888888889,0.0,0.0,0.5555555555555556,0.6666666666666666,0.0,0.6666666666666666,67.46192341692543,0.0,0.0,1.0137937550497031,0.5,0.0,0.5,0.0
91,325.8181818181818,0.0,0.0,0.8181818181818182,0.8181818181818182,0.0,0.8181818181818182,66.84581988698797,0.0,0.0,0.7507571935295483,0.4045199174779452,0.0,0.4045199174779452,0.0
92,325.8181818181818,0.0,0.0,0.8181818181818182,0.6363636363636364,0.0,0.6363636363636364,66.84581988698797,0.0,0.0,0.7507571935295483,0.504524979109513,0.0,0.504524979109513,0.0
93,312.8888888888889,0.0,0.0,1.1111111111111112,1.0,0.0,1.0,67.46192341692543,0.0,0.0,1.1666666666666663,0.0,0.0,0.0,0.0
94,320.0,0.0,0.0,0.7,0.5,0.0,0.5,67.46192341692543,0.0,0.0,0.674948557710553,0.5270462766947299,0.0,0.5270462766947299,0.0
95,320.0,0.0,0.0,1.3,1.0,0.0,1.0,67.46192341692543,0.0,0.0,0.9486832980505138,0.6666666666666666,0.0,0.6666666666666666,0.0
96,325.8181818181818,0.0,0.0,1.2727272727272727,0.6363636363636364,0.0,0.6363636363636364,66.84581988698797,0.0,0.0,1.2720777563426766,0.504524979109513,0.0,0.504524979109513,0.0
97,312.8888888888889,0.0,0.0,0.5555555555555556,0.2222222222222222,0.0,0.2222222222222222,67.46192341692543,0.0,0.0,0.5270462766947299,0.4409585518440984,0.0,0.4409585518440984,0.0
98,320.0,0.0,0.0,0.7,0.5,0.0,0.5,67.46192341692543,0.0,0.0,0.9486832980505138,0.5270462766947299,0.0,0.5270462766947299,0.0
99,320.0,0.0,0.0,1.5,0.7,0.0,0.7,67.46192341692543,0.0,0.0,1.0801234497346437,0.8232726023485646,0.0,0.8232726023485646,0.0
100,312.8888888888889,0.0,0.0,0.8888888888888888,0.2222222222222222,0.0,0.2222222222222222,67.46192341692543,0.0,0.0,0.927960727138337,0.4409585518440984,0.0,0.4409585518440984,0.0
101,320.0,0.0,0.0,1.0,0.5,0.0,0.5,67.46192341692543,0.0,0.0,1.0540925533894598,0.7071067811865476,0.0,0.7071067811865476,0.0
102,320.0,0.0,0.0,0.4,0.4,0.0,0.4,67.46192341692543,0.0,0.0,0.5163977794943222,0.5163977794943222,0.0,0.5163977794943222,0.0
103,320.0,0.0,0.0,1.2,0.6,0.0,0.6,67.46192341692543,0.0,0.0,1.0327955589886444,0.6992058987801011,0.0,0.6992058987801011,0.0
104,325.8181818181818,0.0,0.0,1.181818181818182,0.9090909090909092,0.0,0.9090909090909092,66.84581988698797,0.0,0.0,1.60113596038449,0.5393598899705937,0.0,0.5393598899705937,0.0
105,312.8888888888889,0.0,0.0,0.5555555555555556,0.6666666666666666,0.0,0.6666666666666666,67.46192341692543,0.0,0.0,0.7264831572567789,0.5,0.0,0.5,0.0
106,320.0,0.0,0.0,0.7,0.9,0.0,0.9,67.46192341692543,0.0,0.0,1.2516655570345725,0.3162277660168379,0.0,0.3162277660168379,0.0
107,325.8181818181818,0.0,0.0,0.6363636363636364,0.6363636363636364,0.0,0.6363636363636364,66.84581988698797,0.0,0.0,0.9244162777371756,0.504524979109513,0.0,0.504524979109513,0.0
108,304.0,0.0,0.0,1.0,0.75,0.0,0.75,66.246293696866,0.0,0.0,1.0690449676496976,0.4629100498862757,0.0,0.4629100498862757,0.0
109,320.0,0.0,0.0,0.6,0.8,0.0,0.8,67.46192341692543,0.0,0.0,0.6992058987801011,0.6324555320336759,0.0,0.6324555320336759,0.0
110,320.0,0.0,0.0,0.6,0.8,0.0,0.8,67.46192341692543,0.0,0.0,0.6992058987801011,0.6324555320336759,0.0,0.6324555320336759,0.0
111,320.0,0.0,0.0,0.6,0.5,0.0,0.5,67.46192341692543,0.0,0.0,0.5163977794943222,0.5270462766947299,0.0,0.5270462766947299,0.0
112,320.0,0.0,0.0,0.7,0.3,0.1,0.4,67.46192341692543,0.0,0.0,0.9486832980505138,0.6749485577105528,0.3162277660168379,0.6992058987801011,0.0
113,320.0,0.0,0.0,0.75,0.5,0.25,1.0,68.41887792958065,0.0,0.0,0.7071067811865476,0.5345224838248488,0.7071067811865476,0.5345224838248488,0.0
114,320.0,0.0,0.0,1.1,0.5,0.2,0.9,67.46192341692543,0.0,0.0,0.7378647873726218,0.5270462766947299,0.4216370213557839,0.8755950357709131,0.0
115,320.0,0.0,0.0,1.3,0.8,0.0,0.9,67.46192341692543,0.0,0.0,0.9486832980505138,0.6324555320336759,0.0,0.7378647873726218,0.0
116,320.0,0.0,0.0,0.8,0.3,0.0,0.3,67.46192341692543,0.0,0.0,0.7888106377466155,0.4830458915396479,0.0,0.4830458915396479,0.0
117,320.0,0.0,0.0,1.2,0.6,0.0,0.6,67.46192341692543,0.0,0.0,1.0327955589886444,0.5163977794943222,0.0,0.5163977794943222,0.0
118,320.0,0.0,0.0,1.9,0.9,0.0,0.9,67.46192341692543,0.0,0.0,1.911950719959998,0.5676462121975466,0.0,0.5676462121975466,0.0
119,320.0,0.0,0.0,1.5,1.1,0.0,1.1,67.46192341692543,0.0,0.0,1.4337208778404378,0.3162277660168379,0.0,0.3162277660168379,0.0
120,320.0,0.0,0.0,1.2,0.9,0.0,0.9,67.46192341692543,0.0,0.0,1.5491933384829668,0.7378647873726218,0.0,0.7378647873726218,0.0
121,320.0,0.0,0.0,0.8,0.7,0.0,0.7,67.46192341692543,0.0,0.0,1.0327955589886444,0.4830458915396479,0.0,0.4830458915396479,0.0
122,320.0,0.0,0.0,0.7,0.5,0.0,0.5,67.46192341692543,0.0,0.0,0.674948557710553,0.5270462766947299,0.0,0.5270462766947299,0.0
123,320.0,0.0,0.0,0.8,1.0,0.0,1.0,67.46192341692543,0.0,0.0,0.9189365834726814,0.4714045207910317,0.0,0.4714045207910317,0.0
124,320.0,0.0,0.0,0.6,0.6,0.0,0.6,67.46192341692543,0.0,0.0,0.8432740427115678,0.5163977794943222,0.0,0.5163977794943222,0.0
125,320.0,0.0,0.0,0.5,0.4,0.0,0.4,67.46192341692543,0.0,0.0,0.7071067811865476,0.5163977794943222,0.0,0.5163977794943222,0.0
126,320.0,0.0,0.0,0.4,0.6,0.0,0.6,67.46192341692543,0.0,0.0,0.8432740427115679,0.5163977794943222,0.0,0.5163977794943222,0.0
127,320.0,0.0,0.0,0.8,0.4,0.0,0.4,67.46192341692543,0.0,0.0,0.9189365834726814,0.5163977794943222,0.0,0.5163977794943222,0.0
128,320.0,0.0,0.0,0.1,0.4,0.0,0.4,67.46192341692543,0.0,0.0,0.3162277660168379,0.5163977794943222,0.0,0.5163977794943222,0.0
129,320.0,0.0,0.0,0.4,0.3,0.0,0.3,67.46192341692543,0.0,0.0,0.5163977794943222,0.4830458915396479,0.0,0.4830458915396479,0.0
130,312.8888888888889,0.0,0.0,0.5555555555555556,0.4444444444444444,0.0,0.4444444444444444,67.46192341692543,0.0,0.0,0.5270462766947299,0.5270462766947299,0.0,0.5270462766947299,0.0
131,312.8888888888889,0.0,0.0,1.3333333333333333,0.8888888888888888,0.0,0.8888888888888888,67.46192341692542,0.0,0.0,1.6583123951777,0.6009252125773316,0.0,0.6009252125773316,0.0
132,320.0,0.0,0.0,0.7,0.3,0.0,0.3,67.46192341692543,0.0,0.0,0.9486832980505138,0.4830458915396479,0.0,0.4830458915396479,0.0
133,320.0,0.0,0.0,0.4,0.7,0.0,0.7,67.46192341692543,0.0,0.0,0.966091783079296,0.4830458915396479,0.0,0.4830458915396479,0.0
134,325.8181818181818,0.0,0.0,1.818181818181818,1.0909090909090908,0.0,1.0909090909090908,66.84581988698797,0.0,0.0,1.60113596038449,0.7006490497453708,0.0,0.7006490497453708,0.0
135,312.8888888888889,0.0,0.0,1.1111111111111112,0.5555555555555556,0.0,0.5555555555555556,67.46192341692543,0.0,0.0,1.5365907428821477,0.5270462766947299,0.0,0.5270462766947299,0.0
136,325.8181818181818,0.0,0.0,1.3636363636363635,1.0909090909090908,0.0,1.0909090909090908,66.84581988698797,0.0,0.0,1.8040358795061295,0.5393598899705937,0.0,0.5393598899705937,0.0
137,320.0,0.0,0.0,2.1,0.8,0.0,0.8,67.46192341692543,0.0,0.0,1.449137674618944,0.6324555320336759,0.0,0.6324555320336759,0.0
138,320.0,0.0,0.0,1.4,0.8,0.0,0.8,67.46192341692543,0.0,0.0,1.07496769977314,0.4216370213557839,0.0,0.4216370213557839,0.0
139,320.0,0.0,0.0,1.0,0.8,0.0,0.8,67.46192341692543,0.0,0.0,1.0540925533894598,0.6324555320336759,0.0,0.6324555320336759,0.0
140,320.0,0.0,0.0,0.7,0.4,0.0,0.5,67.46192341692543,0.0,0.0,0.6749485577105528,0.5163977794943222,0.0,0.7071067811865476,0.0
141,320.0,0.0,0.0,0.7,0.8,0.2,1.0,67.46192341692543,0.0,0.0,0.8232726023485646,0.4216370213557839,0.6324555320336759,0.6666666666666666,0.0
142,320.0,0.0,0.0,0.2,0.4,0.2,1.1,67.46192341692543,0.0,0.0,0.4216370213557839,0.5163977794943222,0.4216370213557839,0.7378647873726218,0.0
143,320.0,0.0,0.0,0.6,0.4,0.1,0.4,67.46192341692543,0.0,0.0,0.8432740427115678,0.6992058987801011,0.3162277660168379,0.6992058987801011,0.0
144,320.0,0.0,0.0,0.5,0.4,0.0,0.4,67.46192341692543,0.0,0.0,0.5270462766947299,0.5163977794943222,0.0,0.5163977794943222,0.0
145,320.0,0.0,0.0,0.3,0.4,0.0,0.4,67.46192341692543,0.0,0.0,0.4830458915396479,0.5163977794943222,0.0,0.5163977794943222,0.0
146,320.0,0.0,0.0,0.5,0.5,0.0,0.5,67.46192341692543,0.0,0.0,0.7071067811865476,0.5270462766947299,0.0,0.5270462766947299,0.0
147,304.0,0.0,0.0,1.0,0.5,0.0,0.5,66.246293696866,0.0,0.0,1.3093073414159542,0.5345224838248488,0.0,0.5345224838248488,0.0
148,325.8181818181818,0.0,0.0,0.7272727272727273,0.6363636363636364,0.0,0.6363636363636364,66.84581988698797,0.0,0.0,0.9045340337332908,0.6741998624632421,0.0,0.6741998624632421,0.0
149,320.0,0.0,0.0,0.9,0.8,0.0,0.8,67.46192341692543,0.0,0.0,1.286683937707919,0.6324555320336759,0.0,0.6324555320336759,0.0
150,320.0,0.0,0.0,0.8,0.6,0.0,0.6,67.46192341692543,0.0,0.0,1.3165611772087666,0.5163977794943222,0.0,0.5163977794943222,0.0
151,312.8888888888889,0.0,0.0,1.1111111111111112,1.0,0.0,1.0,67.46192341692543,0.0,0.0,1.0540925533894598,0.7071067811865476,0.0,0.7071067811865476,0.0
152,325.8181818181818,0.0,0.0,1.2727272727272727,0.7272727272727273,0.0,0.7272727272727273,66.84581988698797,0.0,0.0,1.4893561757289016,0.6466697906828633,0.0,0.6466697906828633,0.0
153,312.8888888888889,0.0,0.0,1.7777777777777777,1.2222222222222223,0.0,1.2222222222222223,67.46192341692543,0.0,0.0,1.3017082793177757,0.6666666666666667,0.0,0.6666666666666667,0.0
154,320.0,0.0,0.0,1.9,0.8,0.0,0.8,67.46192341692543,0.0,0.0,1.5238839267549946,0.4216370213557839,0.0,0.4216370213557839,0.0
155,325.8181818181818,0.0,0.0,1.3636363636363635,0.7272727272727273,0.0,0.7272727272727273,66.84581988698797,0.0,0.0,1.2060453783110543,0.6466697906828632,0.0,0.6466697906828632,0.0
156,312.8888888888889,0.0,0.0,1.3333333333333333,0.6666666666666666,0.0,0.6666666666666666,67.46192341692543,0.0,0.0,1.118033988749895,0.7071067811865476,0.0,0.7071067811865476,0.0
157,312.8888888888889,0.0,0.0,0.6666666666666666,0.5555555555555556,0.0,0.5555555555555556,67.46192341692543,0.0,0.0,1.3228756555322954,0.7264831572567789,0.0,0.7264831572567789,0.0
158,325.8181818181818,0.0,0.0,0.3636363636363636,0.4545454545454545,0.0,0.4545454545454545,66.84581988698797,0.0,0.0,0.504524979109513,0.5222329678670935,0.0,0.5222329678670935,0.0
159,312.8888888888889,0.0,0.0,0.2222222222222222,0.2222222222222222,0.0,0.2222222222222222,67.46192341692543,0.0,0.0,0.4409585518440984,0.4409585518440984,0.0,0.4409585518440984,0.0
160,320.0,0.0,0.0,0.4,0.4,0.0,0.4,67.46192341692543,0.0,0.0,0.6992058987801011,0.5163977794943222,0.0,0.5163977794943222,0.0
161,320.0,0.0,0.0,0.6,0.4,0.0,0.4,67.46192341692543,0.0,0.0,0.8432740427115678,0.5163977794943222,0.0,0.5163977794943222,0.0
162,320.0,0.0,0.0,0.3,0.3,0.0,0.3,67.46192341692543,0.0,0.0,0.6749485577105528,0.4830458915396479,0.0,0.4830458915396479,0.0
163,320.0,0.0,0.0,0.6,0.8,0.0,0.8,67.46192341692543,0.0,0.0,0.699205898780101,0.4216370213557839,0.0,0.4216370213557839,0.0
164,320.0,0.0,0.0,1.0,0.6,0.0,0.6,67.46192341692543,0.0,0.0,1.8856180831641267,0.5163977794943222,0.0,0.5163977794943222,0.0
165,320.0,0.0,0.0,1.5,1.0,0.0,1.0,67.46192341692543,0.0,0.0,1.4337208778404378,0.6666666666666666,0.0,0.6666666666666666,0.0
166,325.8181818181818,0.0,0.0,1.0909090909090908,0.6363636363636364,0.0,0.6363636363636364,66.84581988698797,0.0,0.0,1.5135749373285392,0.504524979109513,0.0,0.504524979109513,0.0
167,312.8888888888889,0.0,0.0,2.0,1.0,0.0,1.0,67.46192341692543,0.0,0.0,1.224744871391589,0.5,0.0,0.5,0.0
168,325.8181818181818,0.0,0.0,1.2727272727272727,0.8181818181818182,0.0,0.8181818181818182,66.84581988698797,0.0,0.0,1.6787441193290351,0.6030226891555273,0.0,0.6030226891555273,0.0
169,304.0,0.0,0.0,1.375,1.125,0.0,1.375,66.246293696866,0.0,0.0,1.0606601717798212,0.6408699444616557,0.0,0.7440238091428449,0.0
170,320.0,0.0,0.0,1.1,0.9,0.3,1.2,67.46192341692543,0.0,0.0,1.1972189997378648,0.5676462121975466,0.948683298050514,0.7888106377466155,0.0
171,320.0,0.0,0.0,0.4,0.3,0.2,0.8,67.46192341692543,0.0,0.0,0.5163977794943222,0.4830458915396479,0.4216370213557839,0.6324555320336759,0.0
172,325.8181818181818,0.0,0.0,0.7272727272727273,0.4545454545454545,0.0,0.4545454545454545,66.84581988698797,0.0,0.0,0.7862453931068966,0.5222329678670935,0.0,0.5222329678670935,0.0
173,312.8888888888889,0.0,0.0,1.1111111111111112,0.3333333333333333,0.0,0.3333333333333333,67.46192341692543,0.0,0.0,0.927960727138337,0.5,0.0,0.5,0.0
174,320.0,0.0,0.0,0.9,0.5,0.0,0.5,67.46192341692543,0.0,0.0,0.875595035770913,0.7071067811865476,0.0,0.7071067811865476,0.0
175,320.0,0.0,0.0,0.5,0.5,0.0,0.5,67.46192341692543,0.0,0.0,0.5270462766947299,0.5270462766947299,0.0,0.5270462766947299,0.0
176,332.8,0.0,0.0,0.3,0.6,0.0,0.6,66.09891577527326,0.0,0.0,0.6749485577105528,0.5163977794943222,0.0,0.5163977794943222,0.0
177,320.0,0.0,0.0,0.7,0.4,0.0,0.4,67.46192341692543,0.0,0.0,1.0593499054713802,0.6992058987801011,0.0,0.6992058987801011,0.0
178,312.8888888888889,0.0,0.0,0.4444444444444444,0.6666666666666666,0.0,0.6666666666666666,67.46192341692543,0.0,0.0,0.7264831572567789,0.5,0.0,0.5,0.0
179,325.8181818181818,0.0,0.0,0.7272727272727273,0.7272727272727273,0.0,0.7272727272727273,66.84581988698797,0.0,0.0,1.2720777563426766,0.4670993664969137,0.0,0.4670993664969137,0.0
180,312.8888888888889,0.0,0.0,0.8888888888888888,0.7777777777777778,0.0,0.7777777777777778,67.46192341692543,0.0,0.0,1.2692955176439846,0.4409585518440984,0.0,0.4409585518440984,0.0
181,320.0,0.0,0.0,0.8,0.6,0.0,0.6,67.46192341692543,0.0,0.0,1.3165611772087666,0.5163977794943222,0.0,0.5163977794943222,0.0
182,320.0,0.0,0.0,0.8,1.0,0.0,1.0,67.46192341692543,0.0,0.0,0.9189365834726814,0.0,0.0,0.0,0.0
183,320.0,0.0,0.0,1.6,0.8,0.0,0.8,67.46192341692543,0.0,0.0,1.2649110640673518,1.0327955589886446,0.0,1.0327955589886446,0.0
184,320.0,0.0,0.0,1.3,0.7,0.0,0.7,67.46192341692543,0.0,0.0,1.3374935098492586,0.4830458915396479,0.0,0.4830458915396479,0.0
185,325.8181818181818,0.0,0.0,0.8181818181818182,0.8181818181818182,0.0,0.8181818181818182,66.84581988698797,0.0,0.0,0.7507571935295483,0.6030226891555273,0.0,0.6030226891555273,0.0
186,320.0,0.0,0.0,1.0,0.6,0.0,0.6,67.46192341692543,0.0,0.0,1.0540925533894598,0.6992058987801011,0.0,0.6992058987801011,0.0
187,312.8888888888889,0.0,0.0,0.6666666666666666,0.4444444444444444,0.0,0.4444444444444444,67.46192341692543,0.0,0.0,0.8660254037844387,0.5270462766947299,0.0,0.5270462766947299,0.0
188,325.8181818181818,0.0,0.0,1.0909090909090908,0.3636363636363636,0.0,0.3636363636363636,66.84581988698797,0.0,0.0,1.044465935734187,0.504524979109513,0.0,0.504524979109513,0.0
189,320.0,0.0,0.0,1.3,0.8,0.0,0.8,67.46192341692543,0.0,0.0,1.2516655570345725,0.6324555320336759,0.0,0.6324555320336759,0.0
190,320.0,0.0,0.0,1.4,0.5,0.0,0.5,67.46192341692543,0.0,0.0,0.966091783079296,0.7071067811865476,0.0,0.7071067811865476,0.0
191,320.0,0.0,0.0,0.9,0.6,0.0,0.6,67.46192341692543,0.0,0.0,1.370320319406298,0.5163977794943222,0.0,0.5163977794943222,0.0
192,320.0,0.0,0.0,0.5,0.3,0.0,0.3,67.46192341692543,0.0,0.0,0.5270462766947299,0.4830458915396479,0.0,0.4830458915396479,0.0
193,320.0,0.0,0.0,0.3,0.4,0.0,0.4,67.46192341692543,0.0,0.0,0.6749485577105528,0.5163977794943222,0.0,0.5163977794943222,0.0
194,320.0,0.0,0.0,0.6,0.6,0.0,0.6,67.46192341692543,0.0,0.0,1.07496769977314,0.5163977794943222,0.0,0.5163977794943222,0.0
195,320.0,0.0,0.0,0.7,0.6,0.0,0.6,67.46192341692543,0.0,0.0,0.9486832980505138,0.6992058987801011,0.0,0.6992058987801011,0.0
196,312.8888888888889,0.0,0.0,0.7777777777777778,1.0,0.0,1.0,67.46192341692542,0.0,0.0,0.9718253158075502,0.5,0.0,0.5,0.0
197,320.0,0.0,0.0,1.0,0.9,0.0,1.1,67.46192341692543,0.0,0.0,1.0540925533894598,0.5676462121975466,0.0,0.5676462121975469,0.0
198,320.0,0.0,0.0,0.7,0.8,0.2,0.8,67.46192341692543,0.0,0.0,0.9486832980505138,0.4216370213557839,0.6324555320336759,0.4216370213557839,0.0
199,320.0,0.0,0.0,0.7,0.5,0.2,1.2,67.46192341692543,0.0,0.0,0.6749485577105528,0.5270462766947299,0.4216370213557839,0.7888106377466154,0.0
200,320.0,0.0,0.0,1.0,1.0,0.1,1.1,67.46192341692543,0.0,0.0,0.9428090415820634,0.816496580927726,0.3162277660168379,0.7378647873726218,0.0
201,320.0,0.0,0.0,0.8,0.5,0.0,0.5,67.46192341692543,0.0,0.0,1.0327955589886444,0.5270462766947299,0.0,0.5270462766947299,0.0
202,320.0,0.0,0.0,1.2,0.7,0.0,0.7,67.46192341692543,0.0,0.0,1.229272594305718,0.9486832980505138,0.0,0.9486832980505138,0.0
203,312.8888888888889,0.0,0.0,0.6666666666666666,0.3333333333333333,0.0,0.3333333333333333,67.46192341692543,0.0,0.0,0.7071067811865476,0.5,0.0,0.5,0.0
204,320.0,0.0,0.0,0.4,0.5,0.0,0.5,67.46192341692543,0.0,0.0,0.5163977794943222,0.5270462766947299,0.0,0.5270462766947299,0.0
205,320.0,0.0,0.0,1.4,0.5,0.0,0.5,67.46192341692543,0.0,0.0,0.5163977794943223,0.5270462766947299,0.0,0.5270462766947299,0.0
206,320.0,0.0,0.0,1.2,0.6,0.0,0.6,67.46192341692543,0.0,0.0,1.398411797560202,0.6992058987801011,0.0,0.6992058987801011,0.0
207,320.0,0.0,0.0,1.4,0.5,0.0,0.5,67.46192341692543,0.0,0.0,1.1737877907772671,0.7071067811865476,0.0,0.7071067811865476,0.0
208,320.0,0.0,0.0,1.4,0.8,0.0,0.8,67.46192341692543,0.0,0.0,1.4298407059684812,0.7888106377466155,0.0,0.7888106377466155,0.0
209,320.0,0.0,0.0,1.0,0.7,0.0,0.7,67.46192341692543,0.0,0.0,1.563471919941143,0.4830458915396479,0.0,0.4830458915396479,0.0
210,320.0,0.0,0.0,0.8,1.0,0.0,1.0,67.46192341692543,0.0,0.0,1.2292725943057183,0.4714045207910317,0.0,0.4714045207910317,0.0
211,320.0,0.0,0.0,1.0,0.8,0.0,0.8,67.46192341692543,0.0,0.0,1.247219128924647,0.4216370213557839,0.0,0.4216370213557839,0.0
212,320.0,0.0,0.0,0.7,0.6,0.0,0.6,67.46192341692543,0.0,0.0,0.8232726023485646,0.5163977794943222,0.0,0.5163977794943222,0.0
213,320.0,0.0,0.0,0.8,0.9,0.0,0.9,67.46192341692543,0.0,0.0,0.7888106377466155,0.3162277660168379,0.0,0.3162277660168379,0.0
214,320.0,0.0,0.0,0.4,0.7,0.0,0.7,67.46192341692543,0.0,0.0,0.5163977794943222,0.4830458915396479,0.0,0.4830458915396479,0.0
215,320.0,0.0,0.0,0.9,0.8,0.0,0.8,67.46192341692543,0.0,0.0,0.8755950357709131,0.4216370213557839,0.0,0.4216370213557839,0.0
216,320.0,0.0,0.0,0.4,0.4,0.0,0.4,67.46192341692543,0.0,0.0,0.6992058987801011,0.5163977794943222,0.0,0.5163977794943222,0.0
217,320.0,0.0,0.0,0.6,0.4,0.0,0.4,67.46192341692543,0.0,0.0,0.6992058987801011,0.5163977794943222,0.0,0.5163977794943222,0.0
218,320.0,0.0,0.0,0.9,0.3,0.0,0.3,67.46192341692543,0.0,0.0,0.5676462121975467,0.4830458915396479,0.0,0.4830458915396479,0.0
219,320.0,0.0,0.0,1.5,0.4,0.0,0.4,67.46192341692543,0.0,0.0,1.0801234497346437,0.5163977794943222,0.0,0.5163977794943222,0.0
220,320.0,0.0,0.0,1.6,0.7,0.0,0.7,67.46192341692543,0.0,0.0,0.6992058987801011,0.8232726023485646,0.0,0.8232726023485646,0.0
221,320.0,0.0,0.0,0.7,0.5,0.0,0.5,67.46192341692543,0.0,0.0,0.9486832980505135,0.5270462766947299,0.0,0.5270462766947299,0.0
222,320.0,0.0,0.0,1.0,0.3,0.0,0.3,67.46192341692543,0.0,0.0,0.816496580927726,0.4830458915396479,0.0,0.4830458915396479,0.0
223,320.0,0.0,0.0,1.1,0.8,0.0,0.8,67.46192341692543,0.0,0.0,0.8755950357709131,0.6324555320336759,0.0,0.6324555320336759,0.0
224,320.0,0.0,0.0,1.4,1.1,0.0,1.1,67.46192341692543,0.0,0.0,0.6992058987801011,0.3162277660168379,0.0,0.3162277660168379,0.0
225,327.1111111111111,0.0,0.0,0.7777777777777778,0.5555555555555556,0.0,0.6666666666666666,67.46192341692542,0.0,0.0,1.2018504251546631,0.5270462766947299,0.0,0.7071067811865476,0.0
226,320.0,0.0,0.0,1.1,1.2,0.0,1.3,67.46192341692543,0.0,0.0,2.0789954839350235,0.4216370213557839,0.0,0.4830458915396479,0.0
227,320.0,0.0,0.0,0.8,0.4,0.3,0.6,67.46192341692543,0.0,0.0,0.9189365834726814,0.5163977794943222,0.948683298050514,0.6992058987801011,0.0
228,320.0,0.0,0.0,0.6,0.8,0.2,1.4,67.46192341692543,0.0,0.0,0.8432740427115678,0.6324555320336759,0.4216370213557839,0.6992058987801011,0.0
229,320.0,0.0,0.0,0.7,0.7,0.0,0.7,67.46192341692543,0.0,0.0,1.0593499054713802,0.6749485577105528,0.0,0.6749485577105528,0.0
230,327.1111111111111,0.0,0.0,0.6666666666666666,0.7777777777777778,0.0,0.7777777777777778,67.46192341692542,0.0,0.0,0.7071067811865475,0.6666666666666666,0.0,0.6666666666666666,0.0
231,320.0,0.0,0.0,0.6,0.3,0.0,0.3,67.46192341692543,0.0,0.0,1.2649110640673515,0.4830458915396479,0.0,0.4830458915396479,0.0
232,320.0,0.0,0.0,0.3,0.5,0.0,0.5,67.46192341692543,0.0,0.0,0.4830458915396479,0.5270462766947299,0.0,0.5270462766947299,0.0
233,320.0,0.0,0.0,0.5,0.3,0.0,0.3,67.46192341692543,0.0,0.0,0.5270462766947299,0.4830458915396479,0.0,0.4830458915396479,0.0
234,320.0,0.0,0.0,0.6,0.4,0.0,0.4,67.46192341692543,0.0,0.0,0.6992058987801011,0.5163977794943222,0.0,0.5163977794943222,0.0
235,320.0,0.0,0.0,1.2,0.5,0.0,0.5,67.46192341692543,0.0,0.0,0.7888106377466155,0.7071067811865476,0.0,0.7071067811865476,0.0
236,312.8888888888889,0.0,0.0,0.7777777777777778,0.5555555555555556,0.0,0.5555555555555556,67.46192341692542,0.0,0.0,0.6666666666666666,0.5270462766947299,0.0,0.5270462766947299,0.0
237,320.0,0.0,0.0,0.9,0.5,0.0,0.5,67.46192341692543,0.0,0.0,1.5951314818673863,0.5270462766947299,0.0,0.5270462766947299,0.0
238,320.0,0.0,0.0,1.3,0.6,0.0,0.6,67.46192341692543,0.0,0.0,1.3374935098492586,0.8432740427115678,0.0,0.8432740427115678,0.0
239,320.0,0.0,0.0,1.4,0.9,0.0,0.9,67.46192341692543,0.0,0.0,1.1737877907772674,0.3162277660168379,0.0,0.3162277660168379,0.0
240,327.1111111111111,0.0,0.0,1.6666666666666667,1.0,0.0,1.0,67.46192341692542,0.0,0.0,1.8708286933869709,0.0,0.0,0.0,0.0
241,320.0,0.0,0.0,1.6,1.1,0.0,1.1,67.46192341692543,0.0,0.0,1.2649110640673518,0.7378647873726218,0.0,0.7378647873726218,0.0
242,320.0,0.0,0.0,1.3,0.9,0.0,0.9,67.46192341692543,0.0,0.0,1.2516655570345725,0.7378647873726218,0.0,0.7378647873726218,0.0
243,312.8888888888889,0.0,0.0,0.8888888888888888,0.7777777777777778,0.0,0.7777777777777778,67.46192341692543,0.0,0.0,1.0540925533894598,0.4409585518440984,0.0,0.4409585518440984,0.0
244,320.0,0.0,0.0,0.6,0.7,0.0,0.7,67.46192341692543,0.0,0.0,0.6992058987801011,0.4830458915396479,0.0,0.4830458915396479,0.0
245,320.0,0.0,0.0,0.6,0.5,0.0,0.5,67.46192341692543,0.0,0.0,0.8432740427115678,0.5270462766947299,0.0,0.5270462766947299,0.0
246,320.0,0.0,0.0,0.5,0.4,0.0,0.4,67.46192341692543,0.0,0.0,0.5270462766947299,0.6992058987801011,0.0,0.6992058987801011,0.0
247,320.0,0.0,0.0,0.3,0.3,0.0,0.3,67.46192341692543,0.0,0.0,0.6749485577105528,0.4830458915396479,0.0,0.4830458915396479,0.0
248,320.0,0.0,0.0,0.3,0.4,0.0,0.4,67.46192341692543,0.0,0.0,0.4830458915396479,0.5163977794943222,0.0,0.5163977794943222,0.0
249,320.0,0.0,0.0,0.4,0.3,0.0,0.3,67.46192341692543,0.0,0.0,0.6992058987801011,0.4830458915396479,0.0,0.4830458915396479,0.0
250,320.0,0.0,0.0,0.3,0.3,0.0,0.3,67.46192341692543,0.0,0.0,0.4830458915396479,0.6749485577105528,0.0,0.6749485577105528,0.0
251,320.0,0.0,0.0,0.7,0.6,0.0,0.6,67.46192341692543,0.0,0.0,0.6749485577105528,0.5163977794943222,0.0,0.5163977794943222,0.0
252,320.0,0.0,0.0,0.8,0.7,0.0,0.7,67.46192341692543,0.0,0.0,1.2292725943057183,0.6749485577105528,0.0,0.6749485577105528,0.0
253,320.0,0.0,0.0,1.4,0.9,0.0,1.0,67.46192341692543,0.0,0.0,1.07496769977314,0.7378647873726218,0.0,0.6666666666666666,0.0
254,320.0,0.0,0.0,1.1,0.9,0.0,0.9,67.46192341692543,0.0,0.0,1.449137674618944,0.3162277660168379,0.0,0.3162277660168379,0.0
255,320.0,0.0,0.0,0.9,0.4,0.1,0.6,67.46192341692543,0.0,0.0,1.286683937707919,0.5163977794943222,0.3162277660168379,0.699205898780101,0.0
256,320.0,0.0,0.0,1.8,1.1,0.2,1.4,67.46192341692543,0.0,0.0,1.3984117975602022,0.5676462121975469,0.6324555320336759,0.5163977794943223,0.0
257,320.0,0.0,0.0,2.0,0.7,0.2,1.1,67.46192341692543,0.0,0.0,1.3333333333333333,0.4830458915396479,0.4216370213557839,0.7378647873726218,0.0
258,320.0,0.0,0.0,0.7,1.0,0.0,1.0,67.46192341692543,0.0,0.0,0.948683298050514,0.0,0.0,0.0,0.0
259,320.0,0.0,0.0,1.6,1.1,0.0,1.1,67.46192341692543,0.0,0.0,1.6465452046971292,0.5676462121975466,0.0,0.5676462121975466,0.0
260,320.0,0.0,0.0,1.1,0.4,0.0,0.4,67.46192341692543,0.0,0.0,1.1972189997378648,0.5163977794943222,0.0,0.5163977794943222,0.0
261,320.0,0.0,0.0,0.9,0.6,0.0,0.6,67.46192341692543,0.0,0.0,1.1972189997378648,0.5163977794943222,0.0,0.5163977794943222,0.0
262,320.0,0.0,0.0,0.3,0.3,0.0,0.3,67.46192341692543,0.0,0.0,0.4830458915396479,0.4830458915396479,0.0,0.4830458915396479,0.0
263,320.0,0.0,0.0,0.3,0.4,0.0,0.4,67.46192341692543,0.0,0.0,0.4830458915396479,0.5163977794943222,0.0,0.5163977794943222,0.0
264,320.0,0.0,0.0,0.3,0.4,0.0,0.4,67.46192341692543,0.0,0.0,0.4830458915396479,0.5163977794943222,0.0,0.5163977794943222,0.0
265,320.0,0.0,0.0,0.4,0.5,0.0,0.5,67.46192341692543,0.0,0.0,0.6992058987801011,0.5270462766947299,0.0,0.5270462766947299,0.0
266,320.0,0.0,0.0,0.8,0.5,0.0,0.5,67.46192341692543,0.0,0.0,0.9189365834726816,0.5270462766947299,0.0,0.5270462766947299,0.0
267,320.0,0.0,0.0,0.4,0.5,0.0,0.5,67.46192341692543,0.0,0.0,0.6992058987801011,0.5270462766947299,0.0,0.5270462766947299,0.0
268,320.0,0.0,0.0,0.6,0.6,0.0,0.6,67.46192341692543,0.0,0.0,0.699205898780101,0.5163977794943222,0.0,0.5163977794943222,0.0
269,320.0,0.0,0.0,0.9,1.1,0.0,1.1,67.46192341692543,0.0,0.0,1.4491376746189435,0.3162277660168379,0.0,0.3162277660168379,0.0
270,320.0,0.0,0.0,0.8,0.4,0.0,0.4,67.46192341692543,0.0,0.0,0.7888106377466155,0.5163977794943222,0.0,0.5163977794943222,0.0
271,320.0,0.0,0.0,1.9,1.2,0.0,1.2,67.46192341692543,0.0,0.0,1.5238839267549946,0.6324555320336759,0.0,0.6324555320336759,0.0
272,320.0,0.0,0.0,1.3,1.1,0.0,1.1,67.46192341692543,0.0,0.0,1.0593499054713802,0.5676462121975469,0.0,0.5676462121975469,0.0
273,320.0,0.0,0.0,1.2,0.8,0.0,0.8,67.46192341692543,0.0,0.0,0.7888106377466155,0.7888106377466155,0.0,0.7888106377466155,0.0
274,320.0,0.0,0.0,1.0,0.9,0.0,0.9,67.46192341692543,0.0,0.0,0.9428090415820634,0.7378647873726218,0.0,0.7378647873726218,0.0
275,320.0,0.0,0.0,1.7,0.7,0.0,0.7,67.46192341692543,0.0,0.0,0.8232726023485646,1.0593499054713802,0.0,1.0593499054713802,0.0
276,312.8888888888889,0.0,0.0,2.0,0.6666666666666666,0.0,0.6666666666666666,67.46192341692543,0.0,0.0,1.5811388300841898,0.7071067811865475,0.0,0.7071067811865475,0.0
277,320.0,0.0,0.0,0.7,0.4,0.0,0.4,67.46192341692543,0.0,0.0,0.9486832980505138,0.6992058987801011,0.0,0.6992058987801011,0.0
278,320.0,0.0,0.0,0.6,0.2,0.0,0.2,67.46192341692543,0.0,0.0,0.699205898780101,0.4216370213557839,0.0,0.4216370213557839,0.0
279,320.0,0.0,0.0,0.6,0.5,0.0,0.5,67.46192341692543,0.0,0.0,0.6992058987801011,0.7071067811865476,0.0,0.7071067811865476,0.0
280,320.0,0.0,0.0,0.4,0.4,0.0,0.4,67.46192341692543,0.0,0.0,0.5163977794943222,0.5163977794943222,0.0,0.5163977794943222,0.0
281,320.0,0.0,0.0,0.5,0.6,0.0,0.7,67.46192341692543,0.0,0.0,0.7071067811865476,0.5163977794943222,0.0,0.4830458915396479,0.0
282,320.0,0.0,0.0,0.7,0.5,0.0,0.5,67.46192341692543,0.0,0.0,0.6749485577105528,0.5270462766947299,0.0,0.5270462766947299,0.0
283,312.8888888888889,0.0,0.0,0.2222222222222222,0.6666666666666666,0.0,0.7777777777777778,67.46192341692543,0.0,0.0,0.4409585518440984,0.5,0.0,0.4409585518440984,0.0
284,320.0,0.0,0.0,0.8,0.7,0.2,0.9,67.46192341692543,0.0,0.0,1.2292725943057183,0.4830458915396479,0.6324555320336759,0.5676462121975466,0.0
285,320.0,0.0,0.0,0.8,0.6,0.2,0.9,67.46192341692543,0.0,0.0,0.6324555320336759,0.5163977794943222,0.4216370213557839,0.7378647873726218,0.0
286,320.0,0.0,0.0,0.6,0.7,0.1,1.0,67.46192341692543,0.0,0.0,0.8432740427115678,0.4830458915396479,0.3162277660168379,0.816496580927726,0.0
287,320.0,0.0,0.0,0.8,1.0,0.0,1.0,67.46192341692543,0.0,0.0,0.9189365834726816,0.4714045207910317,0.0,0.4714045207910317,0.0
288,320.0,0.0,0.0,1.5,0.7,0.0,0.7,67.46192341692543,0.0,0.0,1.8408935028645437,0.4830458915396479,0.0,0.4830458915396479,0.0
289,320.0,0.0,0.0,1.9,1.1,0.0,1.1,67.46192341692543,0.0,0.0,1.5238839267549948,0.8755950357709131,0.0,0.8755950357709131,0.0
290,320.0,0.0,0.0,1.1,0.4,0.0,0.4,67.46192341692543,0.0,0.0,0.9944289260117531,0.5163977794943222,0.0,0.5163977794943222,0.0
291,320.0,0.0,0.0,1.5,0.8,0.0,0.8,67.46192341692543,0.0,0.0,1.1785113019775793,0.6324555320336759,0.0,0.6324555320336759,0.0
292,312.8888888888889,0.0,0.0,1.4444444444444444,0.6666666666666666,0.0,0.6666666666666666,67.46192341692543,0.0,0.0,1.0137937550497031,0.7071067811865476,0.0,0.7071067811865476,0.0
293,320.0,0.0,0.0,0.9,0.5,0.0,0.5,67.46192341692543,0.0,0.0,0.7378647873726218,0.7071067811865476,0.0,0.7071067811865476,0.0
294,320.0,0.0,0.0,1.3,0.5,0.0,0.5,67.46192341692543,0.0,0.0,0.8232726023485646,0.7071067811865476,0.0,0.7071067811865476,0.0
295,320.0,0.0,0.0,0.1,0.2,0.0,0.2,67.46192341692543,0.0,0.0,0.3162277660168379,0.4216370213557839,0.0,0.4216370213557839,0.0
296,320.0,0.0,0.0,0.5,0.6,0.0,0.6,67.46192341692543,0.0,0.0,0.97182531580755,0.5163977794943222,0.0,0.5163977794943222,0.0
297,320.0,0.0,0.0,0.3,0.3,0.0,0.3,67.46192341692543,0.0,0.0,0.4830458915396479,0.4830458915396479,0.0,0.4830458915396479,0.0
298,320.0,0.0,0.0,0.9,0.7,0.0,0.7,67.46192341692543,0.0,0.0,0.8755950357709131,0.6749485577105528,0.0,0.6749485577105528,0.0
299,320.0,0.0,0.0,0.3,0.6,0.0,0.6,67.46192341692543,0.0,0.0,0.6749485577105528,0.5163977794943222,0.0,0.5163977794943222,0.0
300,320.0,0.0,0.0,0.9,0.9,0.0,0.9,67.46192341692543,0.0,0.0,1.449137674618944,0.3162277660168379,0.0,0.3162277660168379,0.0
301,320.0,0.0,0.0,0.8,0.6,0.0,0.6,67.46192341692543,0.0,0.0,1.2292725943057183,0.5163977794943222,0.0,0.5163977794943222,0.0
302,320.0,0.0,0.0,0.8,0.8,0.0,0.8,67.46192341692543,0.0,0.0,0.9189365834726814,0.6324555320336759,0.0,0.6324555320336759,0.0
303,320.0,0.0,0.0,0.7,0.7,0.0,0.7,67.46192341692543,0.0,0.0,0.6749485577105528,0.4830458915396479,0.0,0.4830458915396479,0.0
304,320.0,0.0,0.0,0.7,0.8,0.0,0.8,67.46192341692543,0.0,0.0,1.0593499054713802,0.4216370213557839,0.0,0.4216370213557839,0.0
305,320.0,0.0,0.0,0.9,0.7,0.0,0.7,67.46192341692543,0.0,0.0,0.8755950357709131,0.6749485577105528,0.0,0.6749485577105528,0.0
306,312.8888888888889,0.0,0.0,1.6666666666666667,0.5555555555555556,0.0,0.5555555555555556,67.46192341692543,0.0,0.0,1.0,0.7264831572567789,0.0,0.7264831572567789,0.0
307,320.0,0.0,0.0,1.1,0.7,0.0,0.7,67.46192341692543,0.0,0.0,1.791957340762082,0.6749485577105528,0.0,0.6749485577105528,0.0
308,320.0,0.0,0.0,1.6,0.7,0.0,0.7,67.46192341692543,0.0,0.0,1.1737877907772674,0.6749485577105528,0.0,0.6749485577105528,0.0
309,320.0,0.0,0.0,1.75,0.25,0.0,0.375,68.41887792958065,0.0,0.0,0.8864052604279183,0.4629100498862757,0.0,0.5175491695067657,0.0
310,320.0,0.0,0.0,0.8,0.7,0.0,0.7,67.46192341692543,0.0,0.0,1.0327955589886446,0.9486832980505138,0.0,0.9486832980505138,0.0
311,320.0,0.0,0.0,0.4,0.7,0.0,0.7,67.46192341692543,0.0,0.0,0.5163977794943222,0.4830458915396479,0.0,0.4830458915396479,0.0
312,320.0,0.0,0.0,0.7,0.4,0.0,0.5,67.46192341692543,0.0,0.0,1.3374935098492586,0.5163977794943222,0.0,0.7071067811865476,0.0
313,320.0,0.0,0.0,1.3,0.5,0.2,0.8,67.46192341692543,0.0,0.0,0.9486832980505138,0.5270462766947299,0.6324555320336759,0.6324555320336759,0.0
314,320.0,0.0,0.0,0.6,0.8,0.3,1.2,67.46192341692543,0.0,0.0,1.2649110640673518,0.4216370213557839,0.4830458915396479,0.6324555320336759,0.0
315,320.0,0.0,0.0,1.0,0.7,0.0,0.8,67.46192341692543,0.0,0.0,0.9428090415820634,0.4830458915396479,0.0,0.6324555320336759,0.0
316,320.0,0.0,0.0,0.5,1.0,0.0,1.0,67.46192341692543,0.0,0.0,0.7071067811865476,0.4714045207910317,0.0,0.4714045207910317,0.0
317,320.0,0.0,0.0,0.9,0.8,0.0,0.8,67.46192341692543,0.0,0.0,1.3703203194062978,0.4216370213557839,0.0,0.4216370213557839,0.0
318,312.8888888888889,0.0,0.0,0.7777777777777778,0.7777777777777778,0.0,0.7777777777777778,67.46192341692543,0.0,0.0,0.9718253158075502,0.6666666666666666,0.0,0.6666666666666666,0.0
319,320.0,0.0,0.0,0.8,0.7,0.0,0.7,67.46192341692543,0.0,0.0,1.0327955589886444,0.4830458915396479,0.0,0.4830458915396479,0.0
320,320.0,0.0,0.0,0.6,0.5,0.0,0.5,67.46192341692543,0.0,0.0,0.6992058987801011,0.5270462766947299,0.0,0.5270462766947299,0.0
321,320.0,0.0,0.0,0.8,0.7,0.0,0.7,67.46192341692543,0.0,0.0,0.7888106377466155,0.6749485577105528,0.0,0.6749485577105528,0.0
322,320.0,0.0,0.0,0.5,0.6,0.0,0.6,67.46192341692543,0.0,0.0,0.7071067811865476,0.6992058987801011,0.0,0.6992058987801011,0.0
323,320.0,0.0,0.0,0.2,0.4,0.0,0.4,67.46192341692543,0.0,0.0,0.4216370213557839,0.6992058987801011,0.0,0.6992058987801011,0.0
324,320.0,0.0,0.0,0.8,0.4,0.0,0.4,67.46192341692543,0.0,0.0,0.7888106377466155,0.5163977794943222,0.0,0.5163977794943222,0.0
325,320.0,0.0,0.0,1.1,0.3,0.0,0.3,67.46192341692543,0.0,0.0,0.8755950357709131,0.4830458915396479,0.0,0.4830458915396479,0.0
326,320.0,0.0,0.0,1.9,0.8,0.0,0.8,67.46192341692543,0.0,0.0,1.1972189997378648,0.6324555320336759,0.0,0.6324555320336759,0.0
327,314.22222222222223,0.0,0.0,0.6666666666666666,0.6666666666666666,0.0,0.6666666666666666,66.30568938216723,0.0,0.0,0.7071067811865475,0.5,0.0,0.5,0.0
328,321.9,0.0,0.0,1.4,0.5,0.0,0.5,68.11501710750395,0.0,0.0,1.505545305418162,0.5270462766947299,0.0,0.5270462766947299,0.0
329,321.7,0.0,0.0,1.5,1.1,0.0,1.1,68.6893975321762,0.0,0.0,1.8408935028645437,0.7378647873726218,0.0,0.7378647873726218,0.0
330,322.1,0.0,0.0,1.0,0.5,0.0,0.5,69.70804194001659,0.0,0.0,0.9428090415820634,0.5270462766947299,0.0,0.5270462766947299,0.0
331,322.0,0.0,0.0,1.6,1.1,0.0,1.1,69.59565759122874,0.0,0.0,1.7126976771553504,0.875595035770913,0.0,0.875595035770913,0.0
332,321.9,0.0,0.0,0.8,0.5,0.0,0.5,69.48453065251287,0.0,0.0,0.7888106377466155,0.5270462766947299,0.0,0.5270462766947299,0.0
333,321.8,0.0,0.0,0.7,0.9,0.0,0.9,69.37466716636877,0.0,0.0,0.6749485577105528,0.3162277660168379,0.0,0.3162277660168379,0.0
334,321.7,0.0,0.0,0.5,0.6,0.0,0.6,69.26607314471413,0.0,0.0,0.7071067811865476,0.5163977794943222,0.0,0.5163977794943222,0.0
335,321.6,0.0,0.0,0.7,0.6,0.0,0.6,69.15875456754071,0.0,0.0,0.8232726023485646,0.5163977794943222,0.0,0.5163977794943222,0.0
336,321.5,0.0,0.0,0.4,0.5,0.0,0.5,69.0527173815613,0.0,0.0,0.6992058987801011,0.5270462766947299,0.0,0.5270462766947299,0.0
337,321.4,0.0,0.0,0.2,0.3,0.0,0.3,68.94796749884816,0.0,0.0,0.4216370213557839,0.4830458915396479,0.0,0.4830458915396479,0.0
338,321.2,0.0,0.0,0.6,0.3,0.0,0.5,68.74235311008135,0.0,0.0,0.6992058987801011,0.4830458915396479,0.0,0.5270462766947299,0.0
339,320.8,0.0,0.0,0.6,0.5,0.1,0.6,68.32081186090615,0.0,0.0,0.6992058987801011,0.5270462766947299,0.3162277660168379,0.5163977794943222,0.0
340,320.0,0.0,0.0,0.6,0.6,0.3,0.8,67.46192341692543,0.0,0.0,0.9660917830792958,0.5163977794943222,0.9486832980505138,0.4216370213557839,0.0
341,320.0,0.0,0.0,0.8,0.4,0.0,0.5,67.46192341692543,0.0,0.0,0.7888106377466155,0.5163977794943222,0.0,0.5270462766947299,0.0
342,320.0,0.0,0.0,0.5,0.6,0.1,0.9,67.46192341692543,0.0,0.0,0.5270462766947299,0.699205898780101,0.3162277660168379,0.9944289260117531,0.0
343,320.0,0.0,0.0,1.3,0.5,0.0,0.6,67.46192341692543,0.0,0.0,1.1595018087284057,0.7071067811865476,0.0,0.6992058987801011,0.0
344,312.8888888888889,0.0,0.0,1.0,0.7777777777777778,0.0,0.7777777777777778,67.46192341692543,0.0,0.0,1.118033988749895,0.6666666666666666,0.0,0.6666666666666666,0.0
345,320.0,0.0,0.0,1.1,0.8,0.0,0.8,67.46192341692543,0.0,0.0,0.8755950357709131,0.4216370213557839,0.0,0.4216370213557839,0.0
346,320.0,0.0,0.0,1.4,1.0,0.0,1.0,67.46192341692543,0.0,0.0,1.776388345929897,0.6666666666666666,0.0,0.6666666666666666,0.0
347,320.0,0.0,0.0,2.0,0.6,0.0,0.6,67.46192341692543,0.0,0.0,1.563471919941143,0.5163977794943222,0.0,0.5163977794943222,0.0
348,320.0,0.0,0.0,1.6,0.8,0.0,0.8,67.46192341692543,0.0,0.0,1.3498971154211057,0.7888106377466155,0.0,0.7888106377466155,0.0
349,320.0,0.0,0.0,1.1,0.7,0.0,0.7,67.46192341692543,0.0,0.0,1.5951314818673867,0.4830458915396479,0.0,0.4830458915396479,0.0
350,320.0,0.0,0.0,0.3,0.7,0.0,0.7,67.46192341692543,0.0,0.0,0.6749485577105528,0.4830458915396479,0.0,0.4830458915396479,0.0
351,320.0,0.0,0.0,0.6,0.6,0.0,0.6,67.46192341692543,0.0,0.0,0.6992058987801011,0.5163977794943222,0.0,0.5163977794943222,0.0
352,320.0,0.0,0.0,0.5,0.4,0.0,0.4,67.46192341692543,0.0,0.0,0.7071067811865476,0.5163977794943222,0.0,0.5163977794943222,0.0
353,320.0,0.0,0.0,0.4,0.5,0.0,0.5,67.46192341692543,0.0,0.0,0.6992058987801011,0.5270462766947299,0.0,0.5270462766947299,0.0
354,320.0,0.0,0.0,0.4,0.3,0.0,0.3,67.46192341692543,0.0,0.0,0.5163977794943222,0.4830458915396479,0.0,0.4830458915396479,0.0
355,320.0,0.0,0.0,0.4,0.4,0.0,0.4,67.46192341692543,0.0,0.0,0.6992058987801011,0.5163977794943222,0.0,0.5163977794943222,0.0
356,320.0,0.0,0.0,0.4,0.6,0.0,0.6,67.46192341692543,0.0,0.0,0.6992058987801011,0.5163977794943222,0.0,0.5163977794943222,0.0
357,320.0,0.0,0.0,0.9,0.3,0.0,0.3,67.46192341692543,0.0,0.0,0.9944289260117531,0.4830458915396479,0.0,0.4830458915396479,0.0
358,314.1818181818182,0.0,0.0,1.0909090909090908,0.3636363636363636,0.0,0.3636363636363636,66.84581988698797,0.0,0.0,0.7006490497453708,0.504524979109513,0.0,0.504524979109513,0.0
359,320.0,0.0,0.0,0.8,0.9,0.0,0.9,67.46192341692543,0.0,0.0,0.9189365834726814,0.3162277660168379,0.0,0.3162277660168379,0.0
360,320.0,0.0,0.0,0.7,0.7,0.0,0.7,67.46192341692543,0.0,0.0,0.8232726023485646,0.4830458915396479,0.0,0.4830458915396479,0.0
361,320.0,0.0,0.0,0.8,0.7,0.0,0.7,67.46192341692543,0.0,0.0,1.0327955589886444,0.4830458915396479,0.0,0.4830458915396479,0.0
362,320.0,0.0,0.0,1.3,0.9,0.0,0.9,67.46192341692543,0.0,0.0,1.1595018087284057,0.3162277660168379,0.0,0.3162277660168379,0.0
363,320.0,0.0,0.0,1.4,0.7,0.0,0.7,67.46192341692543,0.0,0.0,1.1737877907772671,0.6749485577105528,0.0,0.6749485577105528,0.0
364,320.0,0.0,0.0,1.6,0.9,0.0,0.9,67.46192341692543,0.0,0.0,0.8432740427115679,0.5676462121975467,0.0,0.5676462121975467,0.0
365,320.0,0.0,0.0,1.9,0.7,0.0,0.7,67.46192341692543,0.0,0.0,0.5676462121975467,0.4830458915396479,0.0,0.4830458915396479,0.0
366,320.0,0.0,0.0,1.0,0.8,0.0,0.8,67.46192341692543,0.0,0.0,0.816496580927726,0.4216370213557839,0.0,0.4216370213557839,0.0
367,320.0,0.0,0.0,0.5,0.5,0.1,0.7,67.46192341692543,0.0,0.0,0.7071067811865476,0.5270462766947299,0.3162277660168379,0.6749485577105528,0.0
368,312.8888888888889,0.0,0.0,0.5555555555555556,0.4444444444444444,0.1111111111111111,0.5555555555555556,67.46192341692543,0.0,0.0,0.7264831572567789,0.5270462766947299,0.3333333333333332,0.5270462766947299,0.0
369,321.2,0.0,0.0,0.6,0.5,0.2,0.8,66.29362295458323,0.0,0.0,0.8432740427115679,0.5270462766947299,0.6324555320336759,0.4216370213557839,0.0
370,321.0,0.0,0.0,0.2,0.4,0.0,0.5,66.47472368418607,0.0,0.0,0.4216370213557839,0.5163977794943222,0.0,0.7071067811865476,0.0
371,328.0,0.0,0.0,0.6666666666666666,0.4444444444444444,0.1111111111111111,0.7777777777777778,66.4529909033446,0.0,0.0,0.7071067811865476,0.5270462766947299,0.3333333333333332,0.4409585518440984,0.0
372,320.7,0.0,0.0,0.4,0.4,0.0,0.4,66.7566892195498,0.0,0.0,0.8432740427115679,0.5163977794943222,0.0,0.5163977794943222,0.0
373,320.6,0.0,0.0,0.3,0.4,0.0,0.4,66.85340513225768,0.0,0.0,0.4830458915396479,0.5163977794943222,0.0,0.5163977794943222,0.0
374,320.5,0.0,0.0,0.7,0.7,0.0,0.7,66.95147496508199,0.0,0.0,0.8232726023485646,0.4830458915396479,0.0,0.4830458915396479,0.0
375,320.4,0.0,0.0,1.3,1.2,0.0,1.2,67.05089277721977,0.0,0.0,1.4944341180973264,0.4216370213557839,0.0,0.4216370213557839,0.0
376,314.45454545454544,0.0,0.0,0.8181818181818182,0.4545454545454545,0.0,0.4545454545454545,66.59033508905573,0.0,0.0,0.9816498172140428,0.5222329678670935,0.0,0.5222329678670935,0.0
377,327.3333333333333,0.0,0.0,1.2222222222222223,0.8888888888888888,0.0,0.8888888888888888,67.20119046564577,0.0,0.0,1.2018504251546631,0.3333333333333333,0.0,0.3333333333333333,0.0
378,314.27272727272725,0.0,0.0,1.6363636363636365,0.7272727272727273,0.0,0.7272727272727273,66.75940519371171,0.0,0.0,1.3618169680781094,0.6466697906828632,0.0,0.6466697906828632,0.0
379,320.0,0.0,0.0,2.3,0.8,0.0,0.8,67.46192341692543,0.0,0.0,1.0593499054713802,0.9189365834726814,0.0,0.9189365834726814,0.0
380,320.0,0.0,0.0,1.2,0.7,0.0,0.7,67.46192341692543,0.0,0.0,0.9189365834726816,0.6749485577105528,0.0,0.6749485577105528,0.0
381,327.1111111111111,0.0,0.0,0.6666666666666666,0.5555555555555556,0.0,0.5555555555555556,67.46192341692542,0.0,0.0,0.8660254037844387,0.5270462766947299,0.0,0.5270462766947299,0.0
382,320.0,0.0,0.0,1.1,1.0,0.0,1.0,67.46192341692543,0.0,0.0,1.100504934614612,0.9428090415820634,0.0,0.9428090415820634,0.0
383,320.0,0.0,0.0,0.6,0.5,0.0,0.5,67.46192341692543,0.0,0.0,0.6992058987801011,0.5270462766947299,0.0,0.5270462766947299,0.0
384,320.0,0.0,0.0,0.6,0.4,0.0,0.4,67.46192341692543,0.0,0.0,0.8432740427115679,0.5163977794943222,0.0,0.5163977794943222,0.0
385,320.0,0.0,0.0,0.5,0.3,0.0,0.3,67.46192341692543,0.0,0.0,0.5270462766947299,0.4830458915396479,0.0,0.4830458915396479,0.0
386,320.0,0.0,0.0,0.5,0.6,0.0,0.6,67.46192341692543,0.0,0.0,0.5270462766947299,0.5163977794943222,0.0,0.5163977794943222,0.0
387,320.0,0.0,0.0,0.6,0.5,0.0,0.5,67.46192341692543,0.0,0.0,1.07496769977314,0.5270462766947299,0.0,0.5270462766947299,0.0
388,320.0,0.0,0.0,0.5,0.6,0.0,0.6,67.46192341692543,0.0,0.0,0.7071067811865476,0.699205898780101,0.0,0.699205898780101,0.0
389,320.0,0.0,0.0,0.7,0.6,0.0,0.6,67.46192341692543,0.0,0.0,0.8232726023485646,0.5163977794943222,0.0,0.5163977794943222,0.0
390,320.0,0.0,0.0,0.9,0.8,0.0,0.8,67.46192341692543,0.0,0.0,0.9944289260117534,0.4216370213557839,0.0,0.4216370213557839,0.0
391,320.0,0.0,0.0,0.5,0.7,0.0,0.7,67.46192341692543,0.0,0.0,1.0801234497346437,0.4830458915396479,0.0,0.4830458915396479,0.0
392,320.0,0.0,0.0,1.4,0.8,0.0,0.8,67.46192341692543,0.0,0.0,0.966091783079296,0.6324555320336759,0.0,0.6324555320336759,0.0
393,320.0,0.0,0.0,0.4,1.0,0.0,1.0,67.46192341692543,0.0,0.0,0.6992058987801011,0.4714045207910317,0.0,0.4714045207910317,0.0
394,320.0,0.0,0.0,1.9,0.6,0.0,0.6,67.46192341692543,0.0,0.0,1.1972189997378648,0.6992058987801011,0.0,0.6992058987801011,0.0
395,329.8888888888889,0.0,0.0,1.7777777777777777,0.7777777777777778,0.1111111111111111,0.8888888888888888,70.54155591643206,0.0,0.0,1.0929064207170005,0.4409585518440984,0.3333333333333333,0.6009252125773316,0.0
396,326.0,0.0,0.0,1.9,0.8,0.0,1.0,69.70573067466468,0.0,0.0,1.100504934614612,0.6324555320336759,0.0,0.6666666666666666,0.0
397,332.55555555555554,0.0,0.0,0.8888888888888888,0.6666666666666666,0.2222222222222222,0.8888888888888888,68.2808741726245,0.0,0.0,0.927960727138337,0.8660254037844386,0.6666666666666665,0.7817359599705717,0.0
398,318.09090909090907,0.0,0.0,1.3636363636363635,0.5454545454545454,0.0909090909090909,0.7272727272727273,68.25899874075878,0.0,0.0,1.12006493318265,0.6875516509523286,0.3015113445777636,0.6466697906828632,0.0
399,331.1111111111111,0.0,0.0,1.0,0.8888888888888888,0.0,1.0,68.17889050953463,0.0,0.0,0.8660254037844386,0.7817359599705717,0.0,0.8660254037844386,0.0
400,323.1,0.0,0.0,0.7,0.7,0.1,0.9,68.31048398468731,0.0,0.0,1.0593499054713802,0.6749485577105528,0.3162277660168379,0.8755950357709131,0.0
401,322.7,0.0,0.0,0.4,0.3,0.0,0.3,68.23496985498794,0.0,0.0,0.966091783079296,0.4830458915396479,0.0,0.4830458915396479,0.0
402,316.27272727272725,0.0,0.0,0.2727272727272727,0.3636363636363636,0.0,0.3636363636363636,67.69060630411123,0.0,0.0,0.6466697906828633,0.504524979109513,0.0,0.504524979109513,0.0
403,322.0,0.0,0.0,0.3,0.3,0.0,0.3,68.01960501698511,0.0,0.0,0.4830458915396479,0.4830458915396479,0.0,0.4830458915396479,0.0
404,329.0,0.0,0.0,0.6666666666666666,0.6666666666666666,0.0,0.6666666666666666,67.70155094235287,0.0,0.0,0.8660254037844387,0.5,0.0,0.5,0.0
405,299.3333333333333,0.0,0.0,1.2222222222222223,0.7777777777777778,0.1111111111111111,0.8888888888888888,63.52952069707437,0.0,0.0,1.3944333775567928,0.6666666666666666,0.3333333333333332,0.927960727138337,0.0
406,321.7,0.0,0.0,0.8,1.1,0.0,1.1,68.30983335752865,0.0,0.0,1.2292725943057183,0.5676462121975467,0.0,0.5676462121975467,0.0
407,321.4,0.0,0.0,0.7,0.6,0.0,0.6,68.17004881585135,0.0,0.0,0.674948557710553,0.5163977794943222,0.0,0.5163977794943222,0.0
408,321.2,0.0,0.0,0.6,0.7,0.0,0.7,68.15309563361333,0.0,0.0,0.6992058987801011,0.4830458915396479,0.0,0.4830458915396479,0.0
409,321.0,0.0,0.0,0.7,0.8,0.0,0.8,68.13874733871242,0.0,0.0,0.6749485577105528,0.4216370213557839,0.0,0.4216370213557839,0.0
410,328.0,0.0,0.0,2.0,0.8888888888888888,0.0,0.8888888888888888,68.10469880999402,0.0,0.0,1.0,0.927960727138337,0.0,0.927960727138337,0.0
411,320.6,0.0,0.0,1.4,0.6,0.0,0.6,68.11787169637968,0.0,0.0,0.966091783079296,0.8432740427115678,0.0,0.8432740427115678,0.0
412,320.5,0.0,0.0,1.6,0.7,0.0,0.7,68.00531025017254,0.0,0.0,1.429840705968481,0.6749485577105528,0.0,0.6749485577105528,0.0
413,320.4,0.0,0.0,0.8,0.7,0.0,0.7,67.89403508409264,0.0,0.0,0.7888106377466155,0.4830458915396479,0.0,0.4830458915396479,0.0
414,320.3,0.0,0.0,0.5,0.3,0.0,0.3,67.78405253286186,0.0,0.0,0.5270462766947299,0.4830458915396479,0.0,0.4830458915396479,0.0
415,320.2,0.0,0.0,0.9,0.5,0.1,0.5,67.67536889855538,0.0,0.0,0.8755950357709131,0.5270462766947299,0.3162277660168379,0.5270462766947299,0.0
416,320.0,0.0,0.0,1.1,0.8,0.0,0.9,67.46192341692543,0.0,0.0,0.8755950357709131,0.4216370213557839,0.0,0.5676462121975466,0.0
417,320.0,0.0,0.0,1.0,0.6,0.0,0.6,67.46192341692543,0.0,0.0,0.9428090415820634,0.699205898780101,0.0,0.699205898780101,0.0
418,320.0,0.0,0.0,0.9,0.4,0.0,0.4,67.46192341692543,0.0,0.0,0.8755950357709131,0.5163977794943222,0.0,0.5163977794943222,0.0
419,320.0,0.0,0.0,0.4,0.7,0.0,0.7,67.46192341692543,0.0,0.0,0.5163977794943222,0.4830458915396479,0.0,0.4830458915396479,0.0
420,320.0,0.0,0.0,1.0,0.7,0.0,0.7,67.46192341692543,0.0,0.0,1.1547005383792517,0.4830458915396479,0.0,0.4830458915396479,0.0
421,320.0,0.0,0.0,1.0,0.8,0.0,0.8,67.46192341692543,0.0,0.0,1.0540925533894598,0.4216370213557839,0.0,0.4216370213557839,0.0
422,320.0,0.0,0.0,0.6,0.8,0.0,0.8,67.46192341692543,0.0,0.0,0.8432740427115678,0.4216370213557839,0.0,0.4216370213557839,0.0
423,320.0,0.0,0.0,0.6,0.6,0.0,0.7,67.46192341692543,0.0,0.0,1.07496769977314,0.5163977794943222,0.0,0.6749485577105528,0.0
424,320.0,0.0,0.0,0.7,0.6,0.1,0.8,67.46192341692543,0.0,0.0,0.4830458915396479,0.699205898780101,0.3162277660168379,0.7888106377466155,0.0
425,320.0,0.0,0.0,0.5,0.6,0.1,0.6,67.46192341692543,0.0,0.0,0.5270462766947299,0.5163977794943222,0.3162277660168379,0.5163977794943222,0.0
426,320.0,0.0,0.0,0.7,0.6,0.0,0.7,67.46192341692543,0.0,0.0,0.8232726023485646,0.5163977794943222,0.0,0.4830458915396479,0.0
427,320.0,0.0,0.0,1.3,0.7,0.0,0.8,67.46192341692543,0.0,0.0,0.6749485577105528,0.6749485577105528,0.0,0.7888106377466155,0.0
428,320.0,0.0,0.0,1.1,0.6,0.1,0.9,67.46192341692543,0.0,0.0,1.1972189997378648,0.5163977794943222,0.3162277660168379,0.7378647873726218,0.0
429,320.0,0.0,0.0,1.6,0.7,0.0,0.7,67.46192341692543,0.0,0.0,1.07496769977314,0.674948557710553,0.0,0.674948557710553,0.0
430,320.0,0.0,0.0,0.4,0.4,0.0,0.4,67.46192341692543,0.0,0.0,0.6992058987801011,0.5163977794943222,0.0,0.5163977794943222,0.0
431,320.0,0.0,0.0,0.9,0.4,0.0,0.4,67.46192341692543,0.0,0.0,0.8755950357709131,0.5163977794943222,0.0,0.5163977794943222,0.0
432,320.0,0.0,0.0,1.5,0.8,0.0,0.8,67.46192341692543,0.0,0.0,1.4337208778404378,0.9189365834726814,0.0,0.9189365834726814,1.0
433,320.0,7.9,2.5,6.3,1.9,0.1,4.5,67.46192341692543,13.843971812870596,7.905694150420948,6.18331087147762,2.960855732160327,0.3162277660168379,7.735200923914862,1.0
434,320.0,18.1,6.1,17.3,4.5,0.0,10.6,67.46192341692543,29.145039600819437,19.289893727027113,13.342080464122196,5.892556509887896,0.0,18.957261874484345,1.0
435,321.2,17.6,6.0,19.2,4.6,0.0,10.6,66.29362295458323,28.343919590941866,18.973665961010276,14.179797835888449,5.815687596683837,0.0,18.596295927474973,1.0
436,313.77777777777777,20.11111111111111,6.555555555555555,20.666666666666668,4.555555555555555,0.0,11.11111111111111,66.66666666666667,30.172191022713463,19.666666666666668,13.674794331177344,5.854722690083432,0.0,19.199247670445605,1.0
437,326.27272727272725,16.363636363636363,5.363636363636363,17.545454545454547,4.363636363636363,0.0,9.727272727272728,66.33866279793543,28.025961989814828,17.789169330088054,15.035715056914562,5.987866519432899,0.0,17.681011900289583,1.0
438,313.1111111111111,19.88888888888889,6.555555555555555,19.88888888888889,4.333333333333333,0.0,10.88888888888889,67.25407876932901,29.834729948687507,19.666666666666668,13.420548092798263,6.020797289396148,0.0,18.95022720473586,1.0
439,327.1111111111111,13.11111111111111,6.777777777777778,18.333333333333332,3.2222222222222223,0.0,10.0,67.46192341692542,26.016554558801804,20.333333333333332,15.058220346375595,5.562773089426212,0.0,19.880895352071043,1.0
440,314.1818181818182,21.727272727272727,5.363636363636363,19.363636363636363,5.2727272727272725,0.0,10.636363636363637,66.84581988698797,30.1532449633233,17.789169330088054,13.559297380563102,6.165888566798935,0.0,17.095453941166504,1.0
441,312.8888888888889,19.88888888888889,6.777777777777778,20.444444444444443,4.333333333333333,0.0,11.11111111111111,67.46192341692543,29.843108268260384,20.333333333333332,13.049052754042256,5.787918451395113,0.0,19.515663224987023,1.0
442,325.8181818181818,16.454545454545453,5.545454545454546,16.818181818181817,4.0,0.0,9.545454545454543,66.84581988698797,28.18284455608992,18.39219201924358,14.6684571909808,6.0332412515993425,0.0,18.05194524899539,1.0
443,327.1111111111111,13.444444444444445,6.555555555555555,17.666666666666668,3.111111111111111,0.0,9.666666666666666,67.46192341692542,26.679163738351654,19.666666666666668,14.620191517213446,5.348935511960405,0.0,19.22238278674109,1.0
444,320.0,17.8,6.0,18.7,3.9,0.1,10.0,67.46192341692543,28.669767274178486,18.973665961010276,14.306564149989956,6.29726572057711,0.3162277660168379,18.58912465813158,1.0
445,320.0,18.1,6.0,18.1,4.0,0.0,10.0,67.46192341692543,29.148851702177833,18.973665961010276,13.83594352884303,5.773502691896258,0.0,18.439088914585778,1.0
446,320.0,18.0,6.0,19.9,4.3,0.0,10.3,67.46192341692543,28.986586936412884,18.973665961010276,14.417967186041787,5.812821078348179,0.0,18.70264390103413,1.0
447,320.0,18.0,6.0,19.4,4.2,0.0,10.2,67.46192341692543,28.982753492378876,18.973665961010276,14.033293744995628,5.884065110297661,0.0,18.401690743576314,1.0
448,320.0,13.8,3.9,17.8,4.1,0.0,8.0,67.46192341692543,23.11709324287982,12.33288287465668,13.774372338997278,5.3218626647276635,0.0,12.736648783028532,1.0
449,314.1818181818182,3.8181818181818183,0.5454545454545454,15.636363636363637,4.0,0.0,4.545454545454546,66.84581988698797,7.236272269866327,1.809068067466582,11.430421928106831,4.6475800154489,0.0,4.480259732730601,1.0
450,320.0,1.8,0.6,14.0,3.1,0.0,3.7,67.46192341692543,2.898275349237887,1.897366596101028,10.402991022884825,4.121757985239902,0.0,4.2176876234364356,1.0
451,320.0,1.8,0.6,13.1,3.5,0.0,4.1,67.46192341692543,2.898275349237887,1.897366596101028,10.257246760759491,4.352521619066865,0.0,4.2282121254470875,1.0
452,320.0,1.8,0.6,15.9,3.6,0.0,4.3,67.46192341692543,2.898275349237887,1.897366596101028,10.91838408882519,4.671426144361294,0.0,4.620004810002307,1.0
453,320.0,1.8,0.6,14.8,3.4,0.1,4.1,67.46192341692543,2.898275349237887,1.897366596101028,10.87096029694607,4.141926551202418,0.3162277660168379,4.280446497997869,1.0
454,327.1111111111111,1.3333333333333333,0.6666666666666666,12.88888888888889,2.6666666666666665,0.1111111111111111,3.5555555555555554,67.46192341692542,2.6457513110645907,2.0,10.948109933276662,3.640054944640259,0.3333333333333332,3.711842908553348,1.0
455,314.1818181818182,2.1818181818181817,0.5454545454545454,12.909090909090908,3.5454545454545454,0.0,4.181818181818182,66.84581988698797,3.060005941764879,1.809068067466582,8.949352439752781,4.156047072968168,0.0,4.1429019254185055,1.0
456,327.1111111111111,1.3333333333333333,0.6666666666666666,12.11111111111111,2.6666666666666665,0.0,3.4444444444444446,67.46192341692542,2.6457513110645907,2.0,10.670572201672744,3.6742346141747673,0.0,3.609401304617952,1.0
457,320.0,1.7,0.6,12.0,2.8,0.1,3.6,67.46192341692543,2.7507574714370344,1.897366596101028,9.237604307034012,4.315347288715269,0.3162277660168379,4.623610902506587,1.0
458,320.0,1.9,0.6,14.8,3.4,0.0,4.0,67.46192341692543,3.071373199943851,1.897366596101028,11.554700823089757,4.812021982031623,0.0,4.714045207910317,1.0
459,320.0,1.9,0.6,14.2,2.7,0.0,3.3,67.46192341692543,3.071373199943851,1.897366596101028,10.39016629104441,3.945461527713414,0.0,3.945461527713414,1.0
460,320.0,1.8,0.6,13.7,3.3,0.0,3.9,67.46192341692543,2.898275349237887,1.897366596101028,10.87351522431147,4.715223571935199,0.0,4.62961481479111,1.0
461,320.0,1.8,0.6,14.0,3.4,0.1,4.0,67.46192341692543,2.898275349237887,1.897366596101028,10.47748909700114,4.575295983139597,0.3162277660168379,4.47213595499958,1.0
462,314.1818181818182,2.090909090909091,0.5454545454545454,13.181818181818182,3.636363636363636,0.0,4.2727272727272725,66.84581988698797,2.91391645228704,1.809068067466582,9.2716576923243,4.31909081341727,0.0,4.268276211561504,1.0
463,320.0,9.4,2.8,16.6,3.6,0.0,6.4,67.46192341692543,15.938771735753182,8.854377448471462,12.222020200350586,5.358275012642699,0.0,9.203863922891903,1.0
464,320.0,17.8,5.9,18.9,4.5,0.0,10.4,67.46192341692543,28.662015126489468,18.65743819499344,13.892044086054756,5.66176258382101,0.0,18.638073338673657,1.0
465,327.1111111111111,13.11111111111111,6.666666666666667,18.666666666666668,3.5555555555555554,0.0,10.22222222222222,67.46192341692542,26.02135874836499,20.0,15.644487847162017,5.3644923131436935,0.0,19.75966711370524,1.0
466,320.0,18.2,5.9,19.8,4.9,0.0,10.8,67.46192341692543,29.30604791582182,18.65743819499344,13.538422688366946,5.6656861896861175,0.0,17.775138693004777,1.0
467,320.0,17.9,6.1,19.8,4.3,0.0,10.4,67.46192341692543,28.82302320483864,19.289893727027113,14.74072212915259,5.793674711844519,0.0,18.998245533031024,1.0
468,320.0,18.0,6.0,19.1,4.5,0.0,10.5,67.46192341692543,28.986586936412884,18.973665961010276,14.340695783523042,5.66176258382101,0.0,18.584641209581875,1.0
469,320.0,17.9,5.9,18.5,4.3,0.0,10.2,67.46192341692543,28.82302320483864,18.65743819499344,14.300349646075093,6.019413038937711,0.0,18.109543217750012,1.0
470,320.0,17.5,6.0,18.2,4.1,0.0,10.1,67.46192341692543,28.178991386413312,18.973665961010276,13.717790557439551,5.70477382938574,0.0,18.381452004065885,1.0
471,320.0,18.0,5.9,18.4,4.2,0.0,10.1,67.46192341692543,28.986586936412884,18.65743819499344,13.97776011304307,5.865151319446072,0.0,18.09511904722744,1.0
472,320.0,17.8,6.0,18.6,4.1,0.1,10.2,67.46192341692543,28.66201512648947,18.973665961010276,14.554113584214678,6.1544924874255695,0.3162277660168379,18.46799032560573,1.0
473,320.0,18.3,6.0,18.6,4.2,0.0,10.2,67.46192341692543,29.46579938391853,18.973665961010276,14.454526396023269,6.0882400303098,0.0,18.46799032560573,1.0
474,320.0,18.0,6.1,18.3,3.8,0.0,9.9,67.46192341692543,28.986586936412884,19.289893727027113,13.928787137116824,5.921711464320654,0.0,18.85883229565276,1.0
475,320.0,17.8,6.0,18.4,4.0,0.0,10.0,67.46192341692543,28.66201512648947,18.973665961010276,13.961852790132596,6.0,0.0,18.51125783588643,1.0
476,321.0,17.8,5.9,18.4,4.0,0.0,9.9,66.47472368418607,28.662015126489468,18.65743819499344,14.392899483966238,5.5377492419453835,0.0,18.423716599354577,1.0
477,320.7,18.0,6.0,18.5,4.2,0.0,10.2,66.7566892195498,28.982753492378876,18.973665961010276,14.408716497700658,6.321040701937898,0.0,18.54603881036475,1.0
478,320.4,14.1,4.1,18.0,4.1,0.0,8.2,67.05089277721977,23.52988643312066,12.965338406690355,13.9204086785474,5.486346689738081,0.0,13.036700332352336,1.0
479,320.1,3.6,0.6,15.7,3.6,0.0,4.2,67.3571739971986,7.336363010526552,1.897366596101028,12.000462954032692,4.9035134795822115,0.0,4.917090377222873,1.0
480,320.0,1.8,0.6,16.2,3.5,0.0,4.1,67.46192341692543,2.898275349237887,1.897366596101028,12.181953866272847,4.527692569068709,0.0,4.408325456829762,1.0
481,320.0,1.7,0.6,13.5,3.3,0.0,4.1,67.46192341692543,2.7507574714370344,1.897366596101028,9.058452161134127,4.056544780420347,0.0,4.1486276177925525,1.0
482,320.0,1.9,0.6,13.3,3.5,0.1,4.2,67.46192341692543,3.071373199943851,1.897366596101028,9.843779761859771,3.4721111093332766,0.3162277660168379,3.457680661303984,1.0
483,320.0,1.8,0.5,15.3,3.7,0.1,4.3,67.46192341692543,2.898275349237887,1.5811388300841898,11.499275339486976,4.854551129266914,0.3162277660168379,4.715223571935199,1.0
484,314.1818181818182,1.5454545454545454,0.5454545454545454,16.636363636363637,3.4545454545454546,0.0909090909090909,4.090909090909091,66.84581988698797,2.6594599588501557,1.809068067466582,11.935432353063105,4.69816211647994,0.3015113445777636,4.763497569109183,1.0
485,320.0,1.7,0.7,14.4,3.3,0.0,4.2,67.46192341692543,2.7507574714370344,2.2135943621178655,10.254538290706002,4.2176876234364356,0.0,4.2895221179054435,1.0
486,320.0,1.8,0.6,14.6,3.2,0.0,3.9,67.46192341692543,2.898275349237887,1.897366596101028,11.167412910388473,4.541169697580374,0.0,4.581363212940979,1.0
487,325.8181818181818,1.6363636363636365,0.5454545454545454,14.090909090909092,3.0,0.0,3.5454545454545454,66.84581988698797,2.8025961989814827,1.809068067466582,9.73092539745882,4.171330722922842,0.0,4.131915690418583,1.0
488,312.8888888888889,2.0,0.6666666666666666,14.22222222222222,3.888888888888889,0.0,4.555555555555555,67.46192341692543,3.0,2.0,11.475819990068006,5.10990323891863,0.0,5.0771820705759385,1.0
489,320.0,1.8,0.6,14.2,3.1,0.0,3.7,67.46192341692543,2.898275349237887,1.897366596101028,10.982814858779246,4.7714428286071575,0.0,4.715223571935199,1.0
490,320.0,1.8,0.5,12.3,2.7,0.1,3.3,67.46192341692543,2.898275349237887,1.5811388300841898,9.393259994982218,3.945461527713414,0.3162277660168379,3.802046232695699,1.0
491,327.1111111111111,2.0,0.6666666666666666,11.666666666666666,3.111111111111111,0.0,3.7777777777777777,67.46192341692542,3.0,2.0,9.420721840708389,4.255715111601235,0.0,4.176654695380556,1.0
492,314.1818181818182,1.6363636363636365,0.5454545454545454,14.363636363636363,2.8181818181818183,0.0,3.363636363636364,66.84581988698797,2.8025961989814827,1.809068067466582,10.190905036087102,4.020402512639296,0.0,4.153859103838918,1.0
493,325.8181818181818,5.2727272727272725,2.272727272727273,15.636363636363637,3.090909090909091,0.0,5.363636363636363,66.84581988698797,11.507309929700416,7.53778361444409,11.595453654538291,4.253340932832577,0.0,7.7106773667781905,1.0
494,320.0,16.4,6.1,17.7,3.9,0.0,10.0,67.46192341692543,26.767310079439977,19.289893727027113,13.976567691834948,5.626327003965869,0.0,19.090428084368472,1.0
495,320.0,18.0,6.0,18.8,4.6,0.0,10.6,67.46192341692543,28.986586936412884,18.973665961010276,14.466820275682174,6.058969476000941,0.0,18.313322412325345,1.0
496,320.0,17.8,5.9,18.8,4.4,0.0,10.3,67.46192341692543,28.662015126489468,18.65743819499344,14.634813896246778,5.719362823873925,0.0,18.33666636369145,1.0
497,312.8888888888889,19.88888888888889,6.666666666666667,18.0,4.777777777777778,0.0,11.444444444444445,67.46192341692543,29.834729948687507,20.0,15.0996688705415,5.932490576852562,0.0,19.455790340610115,1.0
498,320.0,18.0,6.0,18.7,4.2,0.0,10.2,67.46192341692543,28.982753492378876,18.973665961010276,14.29879559807593,6.0882400303098,0.0,18.825514601200148,1.0
499,320.0,18.1,6.0,18.9,4.3,0.0,10.3,67.46192341692543,29.145039600819437,18.973665961010276,14.027354229029315,5.793674711844519,0.0,18.33666636369145,1.0
500,320.0,17.7,6.1,18.9,4.3,0.0,10.4,67.46192341692543,28.50360600968859,19.289893727027113,14.137813755237326,5.598610938835137,0.0,18.57836256389555,1.0
501,320.0,17.9,6.1,18.9,4.1,0.1,10.3,67.46192341692543,28.82687789006796,19.289893727027113,13.931977605494492,5.952590472502987,0.3162277660168379,18.70264390103413,1.0
502,325.8181818181818,16.272727272727273,5.454545454545454,20.09090909090909,4.090909090909091,0.0,9.545454545454543,66.84581988698797,27.87145819325178,18.09068067466582,13.707330487403777,5.974186897889042,0.0,17.71645357493218,1.0
503,320.0,18.1,6.1,18.6,4.3,0.0,10.4,67.46192341692543,29.145039600819437,19.289893727027113,14.637850479720946,5.812821078348179,0.0,19.004093126365056,1.0
504,320.0,18.0,6.0,18.7,4.3,0.0,10.3,67.46192341692543,28.986586936412884,18.973665961010276,13.760248705762711,6.056218108504496,0.0,18.42130409185095,1.0
505,320.0,17.9,6.0,19.7,3.9,0.0,9.9,67.46192341692543,28.82687789006796,18.973665961010276,14.697316459514338,5.6460408940936455,0.0,18.435774401358294,1.0
506,325.8181818181818,16.454545454545453,5.454545454545454,17.181818181818183,3.909090909090909,0.0,9.363636363636363,66.84581988698797,28.18284455608992,18.09068067466582,13.998701238459102,5.66488385502378,0.0,17.67638383421636,1.0
507,320.0,17.9,6.0,18.4,3.9,0.0,9.9,67.46192341692543,28.82302320483864,18.973665961010276,14.462211295495427,5.606543795720616,0.0,18.782083661475543,1.0
508,320.0,14.2,3.9,16.7,3.9,0.0,7.8,67.46192341692543,24.22945865401591,12.33288287465668,13.021776632497836,5.606543795720616,0.0,12.58570617804182,1.0
509,320.0,3.4,0.6,14.1,3.4,0.0,4.1,67.46192341692543,6.995236474439826,1.897366596101028,10.31126676127731,3.9496835316263,0.0,3.9285281382896233,1.0
510,327.1111111111111,2.0,0.6666666666666666,11.11111111111111,3.3333333333333335,0.1111111111111111,4.333333333333333,67.46192341692542,3.0,2.0,9.033886821911768,4.301162633521313,0.3333333333333332,4.092676385936225,1.0
511,320.0,1.8,0.6,18.3,3.6,0.1,4.2,67.46192341692543,2.898275349237887,1.897366596101028,17.327242519608635,4.247875285886398,0.3162277660168379,4.263540521418529,1.0
512,320.0,1.8,0.6,14.5,3.9,0.1,4.6,67.46192341692543,2.898275349237887,1.897366596101028,11.027742793115513,4.931756504757937,0.3162277660168379,4.695151163109069,1.0
513,320.0,1.8,0.6,13.6,3.3,0.0,4.1,67.46192341692543,2.898275349237887,1.897366596101028,10.156552345927016,4.191260749066641,0.0,4.557045826702499,1.0
514,320.0,1.8,0.6,13.0,3.1,0.0,3.8,67.46192341692543,2.898275349237887,1.897366596101028,9.47511360236793,3.871548642195896,0.0,4.131182235954578,1.0
515,320.0,1.7,0.6,14.2,3.4,0.0,4.0,67.46192341692543,2.7507574714370344,1.897366596101028,10.250203250017371,4.195235392680606,0.0,4.242640687119285,1.0
516,320.0,1.9,0.6,13.4,3.2,0.0,3.8,67.46192341692543,3.071373199943851,1.897366596101028,9.617114374327098,4.2895221179054435,0.0,4.211096452627668,1.0
517,320.0,1.8,0.6,11.6,2.9,0.0,3.5,67.46192341692543,2.898275349237887,1.897366596101028,8.474799243771043,3.8137179293236207,0.0,3.7785946829182113,1.0
518,320.0,1.8,0.6,13.8,3.0,0.1,3.6,67.46192341692543,2.898275349237887,1.897366596101028,10.485969461883606,4.055175020198813,0.3162277660168379,4.005551702879947,1.0
519,320.0,1.8,0.6,14.6,3.4,0.0,4.1,67.46192341692543,2.898275349237887,1.897366596101028,11.500724614852174,5.274677451960662,0.0,5.10881590977792,1.0
520,320.0,1.9,0.6,14.9,3.1,0.0,3.7,67.46192341692543,3.071373199943851,1.897366596101028,11.337744239682092,4.653553003411002,0.0,4.595891885393109,1.0
521,320.0,1.8,0.6,13.8,2.9,0.0,3.5,67.46192341692543,2.898275349237887,1.897366596101028,10.163114133418402,3.634709219609061,0.0,3.5978388574871505,1.0
522,327.1111111111111,1.8888888888888888,0.6666666666666666,12.0,3.111111111111111,0.0,3.7777777777777777,67.46192341692542,2.848001248439177,2.0,9.7082439194738,4.4565806523736455,0.0,4.381146476031638,1.0
523,320.0,5.9,2.6,18.4,3.6,0.0,6.2,67.46192341692543,12.077987323133677,8.221921916437786,18.04438970982394,4.526465385804788,0.0,8.547904226573124,1.0
524,320.0,16.0,6.0,18.1,4.3,0.0,10.3,67.46192341692543,26.178871888095816,18.973665961010276,13.93197760549449,5.812821078348179,0.0,18.70264390103413,1.0
525,321.2,17.8,6.1,18.6,4.4,0.0,10.5,68.81989376465049,28.662015126489468,19.289893727027113,14.439144326755963,5.719362823873925,0.0,18.578661595138296,1.0
526,321.0,17.9,5.9,18.8,4.3,0.0,10.2,68.58085252702341,28.82302320483864,18.65743819499344,14.551059526142188,5.793674711844519,0.0,18.39565166010707,1.0
527,320.9,18.1,6.0,19.0,4.4,0.0,10.4,68.46320990949161,29.145039600819437,18.973665961010276,14.071247279470288,5.738757124441958,0.0,18.64403389827427,1.0
528,320.8,17.9,6.1,18.7,4.4,0.0,10.5,68.34682793582222,28.82302320483864,19.289893727027113,14.484090889278791,5.719362823873925,0.0,18.939963627795652,1.0
529,320.7,18.0,6.1,18.3,4.1,0.1,10.3,68.23171305680862,28.986586936412884,19.289893727027113,14.22868776646517,6.1544924874255695,0.3162277660168379,18.767880363358387,1.0
530,320.6,18.0,5.9,18.7,4.4,0.0,10.3,68.11787169637968,28.986586936412884,18.65743819499344,14.41488428288236,5.738757124441959,0.0,17.981780903026387,1.0
531,321.5,17.8,6.0,18.4,4.1,0.0,10.1,67.0178251578555,28.66201512648947,18.973665961010276,14.276632033579286,6.384877968032488,0.0,18.603763060198332,1.0
532,322.9,18.0,5.9,19.4,4.3,0.0,10.2,69.13987432894439,28.986586936412884,18.65743819499344,14.08071967857704,5.831904586934796,0.0,18.048083924154756,1.0
533,322.5,17.9,5.9,18.7,4.1,0.0,10.0,69.33052878943174,28.82302320483864,18.65743819499344,14.39174145898342,5.933895104491746,0.0,18.153665072253467,1.0
534,322.1,18.0,6.0,18.3,3.9,0.0,9.9,69.53408436794786,28.986586936412884,18.973665961010276,14.04002215889356,5.839520528262573,0.0,18.495945501649818,1.0
535,321.9,18.1,6.0,19.1,4.1,0.0,10.1,69.5372801692253,29.145039600819437,18.973665961010276,13.747322971723946,5.70477382938574,0.0,18.381452004065885,1.0
536,321.8,18.1,6.0,19.2,4.4,0.0,10.4,69.43710183404194,29.145039600819437,18.973665961010276,13.798550648528272,5.738757124441958,0.0,18.998245533031024,1.0
537,323.0,17.8,5.9,18.0,3.9,0.0,9.8,70.89272020297837,28.662015126489468,18.65743819499344,14.267289706021796,6.29726572057711,0.0,18.347267432024378,1.0
538,322.7,14.1,4.2,17.5,3.8,0.2,8.3,70.51248904350996,23.797525548304854,13.281566172707192,12.393994961718803,5.028805910838962,0.4216370213557839,13.0728726758888,1.0
539,322.6,3.6,0.6,13.0,3.2,0.0,3.9,70.38813031249579,7.58946638440411,1.897366596101028,10.252370999486466,4.049691346263317,0.0,4.067486256208427,1.0
540,322.5,1.8,0.6,13.7,3.3,0.1,4.0,70.26497467918612,2.898275349237887,1.897366596101028,10.36071640594628,4.24394994210713,0.3162277660168379,4.055175020198813,1.0
541,322.4,1.8,0.5,12.6,3.2,0.0,3.8,70.14302848070109,2.898275349237887,1.5811388300841898,9.663217775553742,3.614784456460256,0.0,3.73571352696584,1.0
542,321.4,1.7,0.6,15.2,3.6,0.0,4.4,69.06389955846846,2.7507574714370344,1.897366596101028,11.535452599125302,4.718756898449704,0.0,4.788875998951458,1.0
543,320.0,1.9,0.6,14.8,3.6,0.2,4.4,67.46192341692543,3.071373199943851,1.897366596101028,10.622826575090288,4.526465385804788,0.6324555320336759,4.575295983139597,1.0
544,320.0,1.8,0.6,14.9,3.6,0.0,4.2,67.46192341692543,2.898275349237887,1.897366596101028,11.298475806742942,5.146735750831676,0.0,5.028805910838963,1.0
545,320.0,1.9,0.6,13.0,2.7,0.0,3.3,67.46192341692543,3.071373199943851,1.897366596101028,9.944289260117532,3.7431418769679454,0.0,3.7431418769679454,1.0
546,320.0,1.7,0.6,12.6,3.0,0.0,3.6,67.46192341692543,2.7507574714370344,1.897366596101028,9.41865760663966,4.189935029992179,0.0,4.141926551202418,1.0
547,327.1111111111111,1.4444444444444444,0.6666666666666666,11.22222222222222,2.5555555555555554,0.1111111111111111,3.3333333333333335,67.46192341692542,2.877112750272011,2.0,9.67958906382107,4.27525177946022,0.3333333333333332,4.2130748865881795,1.0
548,320.0,2.4,0.7,16.5,3.9,0.0,4.6,67.46192341692543,4.195235392680606,2.2135943621178655,13.680886910820757,6.081849134012524,0.0,5.985166849990251,1.0
549,320.0,1.8,0.6,12.9,2.9,0.0,3.5,67.46192341692543,2.898275349237887,1.897366596101028,9.374314789774118,4.581363212940978,0.0,4.552166761249221,1.0
550,320.0,1.8,0.6,14.2,3.0,0.0,3.6,67.46192341692543,2.898275349237887,1.897366596101028,10.799176923368844,4.496912521077347,0.0,4.4522154285504,1.0
551,320.0,1.8,0.6,14.1,3.2,0.0,3.8,67.46192341692543,2.898275349237887,1.897366596101028,10.959014554237989,4.315347288715269,0.0,4.391911757866827,1.0
552,320.0,1.8,0.6,13.2,2.9,0.0,3.5,67.46192341692543,2.898275349237887,1.897366596101028,10.549354903921325,4.0400770069668495,0.0,4.006938426723769,1.0
553,320.0,5.9,2.5,15.0,3.5,0.0,6.0,67.46192341692543,11.892574714221196,7.905694150420948,11.962905629950908,4.743416490252569,0.0,8.096638534327413,1.0
554,312.8888888888889,18.333333333333332,6.666666666666667,22.555555555555557,4.888888888888889,0.0,11.555555555555555,67.46192341692543,27.910571473905726,20.0,13.76690879528799,5.372253820428733,0.0,19.249098102970375,1.0
555,320.0,17.7,6.1,20.0,4.5,0.0,10.6,67.46192341692543,28.499707600839223,19.289893727027113,13.9204086785474,5.681353516353104,0.0,18.892679358241736,1.0
556,320.0,18.1,6.0,18.7,4.5,0.0,10.5,67.46192341692543,29.145039600819437,18.973665961010276,14.236494574781316,5.66176258382101,0.0,18.584641209581875,1.0
557,320.0,17.7,6.0,18.6,4.3,0.0,10.3,67.46192341692543,28.499707600839223,18.973665961010276,14.19076381939245,5.793674711844519,0.0,18.696702026471588,1.0
558,320.0,17.9,5.9,19.5,4.6,0.1,10.6,67.46192341692543,28.82302320483864,18.65743819499344,14.592616093231689,6.05896947600094,0.3162277660168379,18.313322412325345,1.0
559,320.0,18.0,6.0,18.3,4.2,0.0,10.2,67.46192341692543,28.982753492378876,18.973665961010276,13.952697867358047,6.0882400303098,0.0,18.46799032560573,1.0
560,320.0,17.9,6.1,18.3,3.9,0.0,10.0,67.46192341692543,28.82302320483864,19.289893727027113,14.3994598664132,6.0635523141692005,0.0,18.867962264113206,1.0
561,312.8888888888889,20.0,0.0,16.88888888888889,4.555555555555555,0.0,4.555555555555555,67.46192341692542,30.004166377354995,0.0,13.494854986664771,5.897268670984711,0.0,5.897268670984711,1.0
562,320.0,18.1,12.0,21.7,4.1,0.0,16.1,67.46192341692543,29.145039600819437,37.94733192202055,22.0960026550807,6.1544924874255695,0.0,36.99384333161999,1.0
563,320.0,18.1,5.9,18.7,4.1,0.0,10.0,67.46192341692543,29.145039600819437,18.65743819499344,14.407174138833287,6.172519744804386,0.0,18.233059108236457,1.0
564,320.0,18.0,6.1,18.5,3.9,0.0,10.0,67.46192341692543,28.982753492378876,19.289893727027113,14.393285471589406,5.839520528262573,0.0,18.79716290649558,1.0
565,312.8888888888889,19.88888888888889,0.0,16.555555555555557,4.333333333333333,0.0,4.333333333333333,67.46192341692542,29.834729948687507,0.0,14.02775027500054,5.766281297335398,0.0,5.766281297335398,1.0
566,320.0,18.1,12.0,21.9,4.2,0.0,16.3,67.46192341692543,29.145039600819437,37.94733192202055,21.501679520963524,6.0882400303098,0.0,37.61811029573684,1.0
567,320.0,18.1,6.0,18.2,3.8,0.1,10.0,67.46192341692543,29.148851702177833,18.973665961010276,14.242346872775023,5.902918298980975,0.3162277660168379,18.445113776342563,1.0
568,312.8888888888889,15.333333333333334,0.0,15.666666666666666,4.333333333333333,0.0,4.333333333333333,67.46192341692542,24.413111231467404,0.0,11.968709203585822,5.545268253204709,0.0,5.545268253204709,1.0
569,327.1111111111111,4.111111111111111,5.111111111111111,16.77777777777778,4.333333333333333,0.0,9.444444444444445,67.46192341692542,7.975657409336932,15.333333333333332,18.28098587178614,4.847679857416329,0.0,15.224249662225647,1.0
570,321.2,1.8,0.6,18.1,3.8,0.0,4.5,68.81989376465047,2.898275349237887,1.897366596101028,18.31483915663289,4.1041983924323695,0.0,4.249182927993988,1.0
571,320.9,1.9,0.6,14.1,3.6,0.2,4.5,68.46320990949162,3.071373199943851,1.897366596101028,10.137389539061164,4.221637386396684,0.6324555320336759,4.196559437338057,1.0
572,320.8,1.8,0.6,12.9,3.1,0.0,3.8,68.34682793582222,2.898275349237887,1.897366596101028,9.21894185299424,3.695342413844157,0.0,3.9944405810520647,1.0
573,320.7,1.8,0.6,15.8,3.5,0.0,4.1,68.23171305680862,2.898275349237887,1.897366596101028,11.707547423208103,4.790035954399971,0.0,4.677368680976279,1.0
574,320.6,1.8,0.6,12.7,3.0,0.0,3.6,68.11787169637968,2.898275349237887,1.897366596101028,9.68446637088946,4.163331998932265,0.0,4.115013163202924,1.0
575,321.7,1.8,0.6,13.1,2.9,0.0,3.6,69.34302816834261,2.898275349237887,1.897366596101028,9.81438853022552,4.0124805295477755,0.0,3.8930136855083823,1.0
576,321.4,1.8,0.6,12.9,3.0,0.1,3.6,68.9995169065214,2.898275349237887,1.897366596101028,10.289692793168207,4.447221354708778,0.3162277660168379,4.402019738458447,1.0
577,321.2,1.8,0.6,13.4,2.8,0.0,3.4,68.77628790344663,2.898275349237887,1.897366596101028,9.686187187031967,4.1041983924323695,0.0,4.087922591134904,1.0
578,321.0,1.8,0.6,12.2,2.9,0.0,3.5,68.55492526272477,2.898275349237887,1.897366596101028,9.235198367598224,4.0400770069668495,0.0,4.006938426723769,1.0
579,328.0,2.0,0.6666666666666666,12.22222222222222,3.111111111111111,0.0,3.7777777777777777,68.33922738808216,3.0,2.0,9.74394398816231,4.342938073598462,0.0,4.265494630689909,1.0
580,321.6,1.8,0.6,12.9,3.0,0.0,3.6,67.13038722433298,2.898275349237887,1.897366596101028,9.38616002420585,4.447221354708778,0.0,4.402019738458447,1.0
581,321.0,1.8,0.6,13.6,2.6,0.0,3.2,67.49485577105528,2.898275349237887,1.897366596101028,10.426462061078588,3.565264521898917,0.0,3.5839146815241634,1.0
582,320.4,1.8,0.6,14.1,3.1,0.0,3.7,67.89403508409262,2.898275349237887,1.897366596101028,10.908202825804482,4.483302354291979,0.0,4.571651780264984,1.0
583,320.3,5.9,2.6,14.3,3.2,0.0,5.8,67.78405253286188,12.278707858185513,8.221921916437786,11.274849099753938,4.491968140779471,0.0,8.66410218468519,1.0
584,320.2,16.3,6.1,19.8,4.7,0.0,10.8,67.67536889855536,26.58341170312377,19.289893727027113,15.076103239527413,5.355163655555055,0.0,18.359375443262408,1.0
585,320.0,17.8,5.9,19.8,4.4,0.1,10.4,67.46192341692543,28.66201512648947,18.65743819499344,14.093339640490548,5.541760650832108,0.3162277660168379,18.939670301013983,1.0
586,320.0,18.2,6.0,19.7,4.7,0.1,10.8,67.46192341692543,29.30604791582182,18.973665961010276,14.31432848582147,5.982381539896038,0.3162277660168379,18.558017135459274,1.0
587,320.0,18.1,6.0,18.9,4.4,0.0,10.4,67.46192341692543,29.148851702177833,18.973665961010276,14.517805160101394,5.719362823873925,0.0,18.638073338673657,1.0
588,320.0,17.7,5.9,18.3,4.0,0.0,9.9,67.46192341692543,28.50360600968859,18.65743819499344,14.29102282320385,5.773502691896258,0.0,18.138050856938538,1.0
589,320.0,17.8,6.0,18.6,4.3,0.0,10.3,67.46192341692543,28.662015126489468,18.973665961010276,14.182931839205729,6.03784361801095,0.0,18.415271440362268,1.0
590,312.8888888888889,19.88888888888889,6.555555555555555,21.0,4.555555555555555,0.0,11.11111111111111,67.46192341692543,29.834729948687507,19.666666666666668,13.360389215887388,5.89726867098471,0.0,18.82448169568318,1.0
591,320.0,18.1,5.9,18.6,4.0,0.0,9.9,67.46192341692543,29.145039600819437,18.65743819499344,14.08071967857704,6.0,0.0,18.21141278307522,1.0
592,320.0,18.0,6.1,19.0,4.2,0.0,10.3,67.46192341692543,28.986586936412884,19.289893727027113,14.375905768565216,5.884065110297661,0.0,19.06159606235649,1.0
593,320.0,18.2,6.0,18.5,3.9,0.0,9.9,67.46192341692543,29.30604791582182,18.973665961010276,14.300349646075093,5.839520528262573,0.0,18.495945501649818,1.0
594,320.0,17.8,6.0,18.2,3.9,0.0,9.9,67.46192341692543,28.662015126489468,18.973665961010276,13.98252878098633,6.0635523141692,0.0,18.56789343643125,1.0
595,327.1111111111111,19.88888888888889,6.666666666666667,16.333333333333332,4.333333333333333,0.0,11.11111111111111,67.46192341692542,29.834729948687507,20.0,13.77497731395591,6.264982043070834,0.0,19.662428921959545,1.0
596,314.1818181818182,16.272727272727273,5.454545454545454,20.09090909090909,3.909090909090909,0.0,9.454545454545457,66.84581988698797,27.87145819325178,18.09068067466582,14.989693428850009,5.647203652331752,0.0,17.625910679245123,1.0
597,320.0,18.2,6.1,18.3,4.0,0.0,10.1,67.46192341692543,29.30604791582182,19.289893727027113,14.38401890988746,6.0,0.0,18.81163942291521,1.0
598,327.1111111111111,15.555555555555555,4.555555555555555,15.11111111111111,4.222222222222222,0.0,8.777777777777779,67.46192341692542,24.505668278538696,13.666666666666666,12.31304637817592,5.190803834132479,0.0,13.442263367619477,1.0
599,314.1818181818182,3.090909090909091,0.5454545454545454,16.0,3.272727272727273,0.0909090909090909,4.090909090909091,66.84581988698797,6.963541418768836,1.809068067466582,12.074767078498866,4.584559064750047,0.3015113445777636,4.846742111038,1.0
600,327.1111111111111,2.0,0.6666666666666666,12.555555555555555,3.888888888888889,0.1111111111111111,4.777777777777778,67.46192341692542,3.0,2.0,10.45360118704448,4.371625682868,0.3333333333333332,4.206476488041321,1.0
601,312.8888888888889,2.111111111111111,0.0,13.22222222222222,3.5555555555555554,0.0,3.5555555555555554,67.46192341692542,3.1797973380564857,0.0,11.144256118936088,4.876246279442598,0.0,4.876246279442598,1.0
602,320.0,1.8,1.2,16.2,3.3,0.0,4.5,67.46192341692543,2.898275349237887,3.794733192202055,16.164432835360753,3.713339317768966,0.0,4.696334267868457,1.0
603,320.0,1.8,0.6,13.4,3.5,0.0,4.1,67.46192341692543,2.898275349237887,1.897366596101028,10.426462061078588,4.600724580614087,0.0,4.483302354291979,1.0
604,320.0,1.7,0.6,15.5,3.3,0.1,4.0,67.46192341692543,2.7507574714370344,1.897366596101028,10.394977419675117,4.643992535164831,0.3162277660168379,4.496912521077347,1.0
605,320.0,1.8,0.6,13.7,3.6,0.0,4.2,67.46192341692543,2.898275349237887,1.897366596101028,10.078028907810626,4.247875285886398,0.0,4.263540521418529,1.0
606,320.0,1.8,0.6,14.8,3.2,0.0,3.8,67.46192341692543,2.898275349237887,1.897366596101028,10.92194528867861,4.732863826479693,0.0,4.661902329879224,1.0
607,312.8888888888889,2.0,0.0,12.444444444444445,3.3333333333333335,0.0,3.3333333333333335,67.46192341692542,3.0,0.0,10.199400853862826,4.272001872658765,0.0,4.272001872658765,1.0
608,320.0,1.8,1.2,15.8,3.1,0.0,4.3,67.46192341692543,2.898275349237887,3.794733192202055,15.626188843661714,4.2282121254470875,0.0,4.90011337737313,1.0
609,321.2,1.8,0.6,13.9,2.9,0.0,3.5,68.81989376465047,2.898275349237887,1.897366596101028,10.126423082433622,4.254409477236529,0.0,4.222953153106642,1.0
610,321.0,1.8,0.6,13.6,3.2,0.0,3.8,68.58085252702341,2.898275349237887,1.897366596101028,9.640193635676274,4.1041983924323695,0.0,4.184627953726724,1.0
611,322.1,1.8,0.6,13.1,2.7,0.0,3.3,69.78450958327197,2.898275349237887,1.897366596101028,10.332795684937675,4.1379007023153935,0.0,4.295992965026311,1.0
612,321.8,1.8,0.6,13.0,3.2,0.0,3.8,69.43870198479615,2.898275349237887,1.897366596101028,10.381607668264955,4.263540521418529,0.0,4.184627953726724,1.0
613,322.7,5.3,2.9,14.1,3.2,0.0,6.2,67.93141966555518,10.954958288880478,9.1706052144883,10.979273402390728,4.315347288715269,0.0,9.342852288722588,1.0
614,314.8888888888889,18.11111111111111,6.555555555555555,17.11111111111111,4.444444444444445,0.1111111111111111,11.0,68.70852284186519,27.606359975757595,19.666666666666668,13.751767563157513,5.70331287742289,0.3333333333333333,18.808242873804023,1.0
615,321.0,18.2,6.0,19.0,4.5,0.1,10.6,68.54195795277518,29.30604791582182,18.973665961010276,14.966629547095764,6.346477588219924,0.3162277660168379,18.74507342684413,1.0
616,326.54545454545456,16.363636363636363,5.454545454545454,18.90909090909091,4.090909090909091,0.0,9.545454545454543,67.55940147213212,28.025961989814828,18.09068067466582,13.888517166742789,5.521857395017467,0.0,17.907337246858543,1.0
617,320.6,18.2,6.1,19.1,4.4,0.0,10.5,68.10482117050647,29.30604791582182,19.289893727027113,14.984807120695429,5.966573556070519,0.0,19.016075071136815,1.0
618,320.3,18.0,6.0,18.6,4.5,0.0,10.5,67.78405253286186,28.986586936412884,18.973665961010276,14.025373831421076,5.892556509887896,0.0,18.29541533341679,1.0
619,320.2,17.9,6.0,19.4,4.0,0.1,10.1,67.67536889855538,28.82302320483864,18.973665961010276,13.890044396377334,5.773502691896258,0.3162277660168379,18.740627287023003,1.0
620,320.1,18.0,6.0,19.5,4.3,0.0,10.3,67.56799044912712,28.986586936412884,18.973665961010276,14.623041179362566,6.03784361801095,0.0,18.415271440362268,1.0
621,312.8888888888889,20.22222222222222,6.666666666666667,18.555555555555557,4.666666666666667,0.0,11.333333333333334,67.46192341692543,30.334706928606455,20.0,14.569755584009563,6.264982043070833,0.0,19.215878850575635,1.0
622,327.1111111111111,20.11111111111111,6.666666666666667,19.555555555555557,4.666666666666667,0.0,11.333333333333334,67.46192341692542,30.168047850517457,20.0,15.322459912748272,6.041522986797285,0.0,19.14418971907665,1.0
623,320.0,17.9,6.0,19.6,4.0,0.0,10.0,67.46192341692543,28.82302320483864,18.973665961010276,14.439144326755963,5.792715732327589,0.0,18.445113776342563,1.0
624,320.0,18.0,5.9,18.6,4.0,0.0,10.1,67.46192341692543,28.986586936412884,18.65743819499344,14.253264733230615,6.0,0.0,18.09511904722744,1.0
625,320.0,18.0,6.0,19.2,4.3,0.0,10.3,67.46192341692543,28.986586936412884,18.973665961010276,13.636552187248638,5.793674711844519,0.0,18.696702026471588,1.0
626,325.8181818181818,16.272727272727273,5.363636363636363,18.90909090909091,3.5454545454545454,0.0,8.909090909090908,66.84581988698797,27.87145819325178,17.789169330088054,13.457002232700606,5.4655948690629526,0.0,17.449667879100424,1.0
627,320.0,18.1,6.1,18.5,4.0,0.1,10.3,67.46192341692543,29.145039600819437,19.289893727027113,14.485625058427177,5.773502691896258,0.3162277660168379,18.70264390103413,1.0
628,312.8888888888889,15.77777777777778,4.222222222222222,16.88888888888889,4.111111111111111,0.0,8.444444444444445,67.46192341692543,24.87356919391434,12.666666666666668,14.512446765143055,5.532730890899278,0.0,12.71918935222594,1.0
629,320.0,3.3,0.6,13.4,3.4,0.1,4.1,67.46192341692543,6.700746227100382,1.897366596101028,10.30857248442609,3.9496835316263,0.3162277660168379,4.175324338699131,1.0
630,320.0,1.8,0.6,11.9,2.8,0.0,3.5,67.46192341692543,2.898275349237887,1.897366596101028,9.538809615926343,3.645392830531285,0.0,3.719318934070233,1.0
631,320.0,1.6,0.6,11.6,3.2,0.0,3.8,67.46192341692543,2.590581230363393,1.897366596101028,9.85675177508065,3.794733192202055,0.0,3.8815804341359033,1.0
632,320.0,1.7,0.6,11.8,2.9,0.0,3.5,67.46192341692543,2.7507574714370344,1.897366596101028,8.991353871606014,3.7549966711037177,0.0,3.719318934070233,1.0
633,320.0,1.8,0.6,13.2,3.1,0.1,3.8,67.46192341692543,2.898275349237887,1.897366596101028,9.750213672872338,3.871548642195896,0.3162277660168379,3.73571352696584,1.0
634,320.0,1.8,0.6,14.5,3.0,0.0,3.6,67.46192341692543,2.898275349237887,1.897366596101028,10.480139948174992,4.163331998932265,0.0,4.115013163202924,1.0
635,320.0,1.8,0.6,14.1,3.3,0.0,3.9,67.46192341692543,2.898275349237887,1.897366596101028,10.650508595054667,4.922736366426028,0.0,4.840798832148815,1.0
636,320.0,1.8,0.6,12.8,3.2,0.0,3.8,67.46192341692543,2.898275349237887,1.897366596101028,9.738811243906746,4.3410188256265885,0.0,4.263540521418529,1.0
637,320.0,1.8,0.6,12.9,3.1,0.0,3.7,67.46192341692543,2.898275349237887,1.897366596101028,9.768998583955948,4.175324338699131,0.0,4.110960958218893,1.0
638,320.0,1.8,0.6,12.6,2.8,0.0,3.4,67.46192341692543,2.898275349237887,1.897366596101028,9.406853293683756,3.881580434135904,0.0,4.033195589934446,1.0
639,320.0,1.9,0.6,14.7,3.0,0.0,3.6,67.46192341692543,3.071373199943851,1.897366596101028,10.317730155201556,4.898979485566356,0.0,4.857983120596448,1.0
640,320.0,1.8,0.6,15.9,3.3,0.0,3.9,67.46192341692543,2.898275349237887,1.897366596101028,11.209618885383907,4.2176876234364356,0.0,4.121757985239901,1.0
641,320.0,1.8,0.6,13.6,3.1,0.0,3.7,67.46192341692543,2.898275349237887,1.897366596101028,10.71032731111011,3.956710193526379,0.0,3.8887301554906353,1.0
642,320.0,1.8,0.6,12.8,3.1,0.0,3.7,67.46192341692543,2.898275349237887,1.897366596101028,10.01998003990028,3.8715486421958967,0.0,3.973523485382827,1.0
643,312.8888888888889,6.666666666666667,0.0,12.77777777777778,3.7777777777777777,0.0,3.7777777777777777,67.46192341692542,13.143439428094917,0.0,10.767750203475396,5.044248650140519,0.0,5.044248650140519,1.0
644,320.9,16.3,8.9,20.8,4.2,0.1,13.2,66.56734267725513,26.58341170312377,28.144271175498577,19.645751590498023,5.4324130099902295,0.3162277660168379,27.844009928329086,1.0
645,320.4,18.0,5.9,18.2,4.3,0.0,10.2,67.05089277721977,28.986586936412884,18.65743819499344,14.179797835888449,6.03784361801095,0.0,18.11567767923071,1.0
646,325.8181818181818,16.363636363636363,5.454545454545454,18.90909090909091,4.2727272727272725,0.0,9.727272727272728,66.84581988698797,28.025961989814828,18.09068067466582,13.83802403130263,5.605192397962965,0.0,17.87227410874682,1.0
647,312.8888888888889,19.77777777777778,6.666666666666667,18.333333333333332,4.666666666666667,0.0,11.444444444444445,67.46192341692543,29.66807112780412,20.0,15.190457530963313,6.020797289396148,0.0,19.455790340610115,1.0
648,325.8181818181818,16.272727272727273,5.363636363636363,19.0,3.8181818181818183,0.0909090909090909,9.181818181818182,66.84581988698797,27.87145819325178,17.789169330088054,13.579396157414363,5.706455674377605,0.3015113445777636,17.434552944186336,1.0
649,320.0,17.9,6.0,18.5,4.0,0.0,10.0,67.46192341692543,28.83073205992368,18.973665961010276,14.500957822770804,6.0,0.0,18.51125783588643,1.0
650,327.1111111111111,13.11111111111111,6.666666666666667,17.666666666666668,3.0,0.0,9.666666666666666,67.46192341692542,26.016554558801804,20.0,14.705441169852742,5.1478150704935,0.0,19.53202498462461,1.0
651,312.8888888888889,26.666666666666668,6.777777777777778,20.77777777777778,6.222222222222222,0.0,13.0,67.46192341692543,43.41946568072896,20.333333333333332,18.63315444159803,9.324400487132907,0.0,20.137030565602267,1.0
652,320.0,17.9,6.1,18.4,4.1,0.0,10.2,67.46192341692543,28.83073205992368,19.289893727027113,14.354248306492558,5.9338951044917465,0.0,18.754555002274337,1.0
653,327.1111111111111,19.77777777777778,6.555555555555555,19.11111111111111,4.111111111111111,0.0,10.77777777777778,67.46192341692542,29.66807112780412,19.666666666666668,14.734690736866892,6.173419725817378,0.0,19.01826607355267,1.0
654,322.3,17.9,6.1,19.9,4.3,0.0,10.5,67.74142012092749,28.82302320483864,19.289893727027113,14.278577582440688,6.03784361801095,0.0,19.016075071136815,1.0
655,321.5,18.2,6.1,19.0,3.9,0.0,10.1,68.07063325040477,29.30604791582182,19.289893727027113,13.872434697789874,5.858517066820086,0.0,18.823448733487236,1.0
656,326.6363636363636,16.363636363636363,5.454545454545454,19.90909090909091,4.181818181818182,0.0909090909090909,9.818181818181818,67.67905544150676,28.0295298828672,18.09068067466582,13.590103351001751,5.4921431485019,0.3015113445777636,17.837142045844573,1.0
657,320.8,18.0,6.1,19.0,4.3,0.1,10.5,68.34682793582222,28.986586936412884,19.289893727027113,14.643921757659198,5.793674711844519,0.3162277660168379,18.584641209581875,1.0
658,320.7,13.9,3.5,17.1,4.2,0.0,7.8,68.23171305680862,23.927900961940736,11.067971810589327,13.633700076566807,5.633234713140696,0.0,11.073491871231145,1.0
659,320.6,3.2,0.6,14.7,3.1,0.0,3.7,68.11787169637968,6.408327915038889,1.897366596101028,11.096045341572024,3.695342413844157,0.0,3.802046232695699,1.0
660,320.5,1.8,0.6,13.2,3.7,0.0,4.3,68.00531025017254,2.898275349237887,1.897366596101028,9.886017061149214,4.191260749066641,0.0,4.191260749066641,1.0
661,320.4,1.8,0.6,13.0,2.9,0.1,3.6,67.89403508409262,2.898275349237887,1.897366596101028,9.752492558885196,3.446415206816755,0.3162277660168379,3.3399933466334266,1.0
662,320.3,1.8,0.6,13.5,3.5,0.0,4.1,67.78405253286188,2.898275349237887,1.897366596101028,11.027742793115513,4.576510072581994,0.0,4.886489310105751,1.0
663,320.2,1.8,0.6,14.5,2.9,0.0,3.5,67.67536889855536,2.898275349237887,1.897366596101028,10.287532908007307,3.7844711945293255,0.0,3.7490739597339977,1.0
664,320.0,1.8,0.6,14.8,3.5,0.1,4.2,67.46192341692543,2.898275349237887,1.897366596101028,11.193251935380037,4.8362060428489695,0.3162277660168379,4.779586221049312,1.0
665,320.0,1.8,0.6,13.9,3.2,0.0,3.8,67.46192341692543,2.898275349237887,1.897366596101028,10.11544473674896,4.391911757866828,0.0,4.315347288715269,1.0
666,320.0,1.8,0.6,15.0,3.3,0.0,3.9,67.46192341692543,2.898275349237887,1.897366596101028,11.575836902790224,5.334374898294603,0.0,5.2588549662027715,1.0
667,320.0,1.8,0.6,15.1,3.4,0.0,4.0,67.46192341692543,2.898275349237887,1.897366596101028,11.4741254810794,4.812021982031624,0.0,4.714045207910317,1.0
668,320.0,1.8,0.6,12.9,3.2,0.0,3.8,67.46192341692543,2.898275349237887,1.897366596101028,10.093452222989802,4.491968140779472,0.0,4.417138339593985,1.0
669,320.0,1.8,0.6,12.7,2.7,0.0,3.3,67.46192341692543,2.898275349237887,1.897366596101028,9.416887903005842,4.029061098237818,0.0,4.029061098237818,1.0
670,320.0,1.8,0.6,13.5,2.6,0.0,3.2,67.46192341692543,2.898275349237887,1.897366596101028,10.458914326491488,3.777124126457412,0.0,3.794733192202055,1.0
671,320.0,1.8,0.6,15.6,3.6,0.0,4.2,67.46192341692543,2.898275349237887,1.897366596101028,12.121606054204754,5.125101625008686,0.0,5.006662228138291,1.0
672,320.0,1.8,0.6,14.7,3.7,0.0,4.3,67.46192341692543,2.898275349237887,1.897366596101028,11.402241495035575,4.6678569910494145,0.0,4.667856991049414,1.0
673,314.22222222222223,6.222222222222222,0.0,12.444444444444445,3.111111111111111,0.1111111111111111,3.2222222222222223,66.30568938216723,12.377174331988885,0.0,9.888264649460885,4.255715111601235,0.3333333333333332,4.176654695380556,1.0
674,320.6,16.6,8.9,20.9,4.2,0.0,13.1,66.85340513225768,27.002880504782365,28.144271175498577,18.752481317296535,5.473166867139678,0.0,27.545719570682245,1.0
675,320.1,18.1,6.1,18.7,4.7,0.0,10.8,67.35717399719861,29.145039600819437,19.289893727027113,14.422590305181352,5.735852159879995,0.0,18.83731521327932,1.0
676,320.0,17.8,5.9,19.4,4.5,0.0,10.4,67.46192341692543,28.66201512648947,18.65743819499344,13.599019572503504,5.681353516353104,0.0,18.28903739645389,1.0
677,320.0,18.0,6.0,19.1,4.2,0.0,10.2,67.46192341692543,28.986586936412884,18.973665961010276,14.888101140023046,6.0882400303098,0.0,18.825514601200148,1.0
678,320.0,18.2,5.9,18.9,4.4,0.0,10.3,67.46192341692543,29.30604791582182,18.65743819499344,14.332945731193336,5.501514942874069,0.0,17.9074782640599,1.0
679,320.0,18.1,6.0,18.7,4.1,0.0,10.1,67.46192341692543,29.145039600819437,18.973665961010276,14.682188755995025,6.172519744804386,0.0,18.53195438515143,1.0
680,320.0,17.8,6.1,18.2,4.1,0.0,10.2,67.46192341692543,28.662015126489468,19.289893727027113,14.053864632588116,5.933895104491746,0.0,18.754555002274337,1.0
681,320.0,18.3,6.0,18.8,4.1,0.0,10.2,67.46192341692543,29.46579938391853,18.973665961010276,14.265732056614237,6.172519744804386,0.0,18.47400576185059,1.0
682,320.0,17.9,6.1,18.5,4.1,0.0,10.3,67.46192341692543,28.82302320483864,19.289893727027113,14.500957822770804,5.933895104491746,0.0,18.70264390103413,1.0
683,320.0,18.2,6.1,18.5,3.9,0.0,10.1,67.46192341692543,29.30604791582182,19.289893727027113,14.393285471589406,5.839520528262573,0.0,18.81754500459611,1.0
684,320.0,18.2,5.9,18.7,4.1,0.1,10.1,67.46192341692543,29.30604791582182,18.65743819499344,14.11893921101881,6.172519744804386,0.3162277660168379,18.174768835454888,1.0
685,320.0,18.0,6.0,18.0,4.1,0.0,10.2,67.46192341692543,28.982753492378876,18.973665961010276,14.165686240583852,6.172519744804386,0.0,18.55801713545927,1.0
686,320.0,17.9,6.0,18.9,4.1,0.1,10.3,67.46192341692543,28.82687789006796,18.973665961010276,14.387108426952544,5.506561742341788,0.3162277660168379,18.63717909031419,1.0
687,312.8888888888889,20.11111111111111,0.0,16.333333333333332,4.444444444444445,0.0,4.444444444444445,67.46192341692542,30.168047850517457,0.0,13.756816492197604,6.424778422465461,0.0,6.424778422465461,1.0
688,312.8888888888889,15.444444444444445,10.666666666666666,23.0,4.444444444444445,0.0,15.11111111111111,67.46192341692543,25.020547111879424,31.999999999999996,21.041625412500817,5.50252467307306,0.0,31.170677103828066,1.0
689,320.0,2.7,0.6,14.8,3.4,0.1,4.1,67.46192341692543,4.9899899799498595,1.897366596101028,11.43872564774785,4.501851470969102,0.3162277660168379,4.483302354291979,1.0
690,320.0,1.8,0.6,14.8,3.5,0.0,4.1,67.46192341692543,2.898275349237887,1.897366596101028,11.640923980127656,4.503085362035432,0.0,4.383048152953731,1.0
691,320.0,1.7,0.6,16.0,3.9,0.0,4.5,67.46192341692543,2.7507574714370344,1.897366596101028,11.69045194450012,4.5325979795746765,0.0,4.503085362035432,1.0
692,320.0,1.9,0.6,15.6,3.6,0.1,4.3,67.46192341692543,3.071373199943851,1.897366596101028,10.762073323585108,4.29987079909256,0.3162277660168379,4.2176876234364356,1.0
693,312.8888888888889,2.0,0.6666666666666666,17.333333333333332,4.111111111111111,0.0,4.777777777777778,67.46192341692543,3.0,2.0,10.735455276791944,4.8074017006186525,0.0,4.576510072581994,1.0
694,320.0,1.8,0.6,11.8,2.9,0.0,3.5,67.46192341692543,2.898275349237887,1.897366596101028,9.077444574328174,3.9285281382896233,0.0,4.06201920231798,1.0
695,320.0,1.8,0.6,13.5,3.1,0.0,3.7,67.46192341692543,2.898275349237887,1.897366596101028,9.68676072448026,4.357624225296267,0.0,4.295992965026311,1.0
696,320.0,1.8,0.6,14.2,3.3,0.0,3.9,67.46192341692543,2.898275349237887,1.897366596101028,11.063453348751464,4.270050741306634,0.0,4.17532433869913,1.0
697,320.0,1.7,0.6,13.2,3.2,0.0,3.8,67.46192341692543,2.7507574714370344,1.897366596101028,10.336558636434296,4.516635916254486,0.0,4.589843860815601,1.0
698,320.0,1.9,0.6,12.5,2.9,0.0,3.5,67.46192341692543,3.071373199943851,1.897366596101028,9.86858089539164,4.508017549014447,0.0,4.478342947514801,1.0
699,320.0,1.8,0.6,13.3,2.7,0.0,3.3,67.46192341692543,2.898275349237887,1.897366596101028,10.100055005350768,3.9171985454460234,0.0,3.9171985454460234,1.0
700,320.0,1.7,0.6,13.7,2.7,0.0,3.3,67.46192341692543,2.7507574714370344,1.897366596101028,10.801748829600594,4.3728963196286985,0.0,4.3728963196286985,1.0
701,320.0,1.8,0.6,13.1,3.3,0.1,4.0,67.46192341692543,2.898275349237887,1.897366596101028,10.27888882883532,4.4484703987875305,0.3162277660168379,4.268749491621899,1.0
702,312.8888888888889,2.0,0.6666666666666666,14.77777777777778,3.0,0.0,3.6666666666666665,67.46192341692543,3.0,2.0,10.02219758558194,3.872983346207417,0.0,4.0,1.0
703,323.7,5.7,2.9,15.4,3.8,0.0,6.7,69.3270029161317,12.129394965216616,9.1706052144883,11.654279137819817,5.00666222813829,0.0,9.20205291105076,1.0
704,316.44444444444446,18.88888888888889,6.555555555555555,19.77777777777778,4.333333333333333,0.0,10.88888888888889,69.70493366884283,28.440483665210603,19.666666666666668,13.045859283483187,6.020797289396148,0.0,18.95022720473586,1.0
705,324.0,17.7,6.1,18.8,4.6,0.0,10.7,70.08090562580747,28.50360600968859,19.289893727027113,14.512829573250771,5.358275012642699,0.0,18.76195914906306,1.0
706,323.5,18.0,6.1,18.5,4.4,0.0,10.5,69.69975290885583,28.982753492378876,19.289893727027113,14.30811735422317,6.1860057118197584,0.0,18.727579187450317,1.0
707,323.1,17.8,5.9,18.8,4.3,0.0,10.2,69.43814193622663,28.66201512648947,18.65743819499344,14.109098719148106,5.375872022286244,0.0,18.62376021227841,1.0
708,322.7,18.0,6.1,19.3,4.6,0.0,10.7,69.18260860457153,28.982753492378876,19.289893727027113,14.892578315687611,5.815687596683837,0.0,18.89767769389197,1.0
709,322.3,17.8,6.1,19.3,4.3,0.0,10.4,68.93322050280902,28.662015126489468,19.289893727027113,14.134669748136632,5.812821078348179,0.0,19.004093126365056,1.0
710,321.9,18.1,5.9,19.3,4.3,0.0,10.4,68.69004456413042,29.148851702177833,18.65743819499344,13.848786549329471,5.812821078348179,0.0,17.92701251680764,1.0
711,321.6,17.8,5.9,19.6,4.2,0.0,10.1,68.56659374489722,28.66201512648947,18.65743819499344,14.75127113166862,5.902918298980975,0.0,18.107395665246223,1.0
712,321.2,18.1,6.0,18.5,4.2,0.1,10.4,68.33869897633242,29.145039600819437,18.973665961010276,14.19898274916591,6.338594306135847,0.3162277660168379,18.506455330205423,1.0
713,320.2,17.7,6.0,18.7,3.9,0.0,10.1,67.67536889855538,28.499707600839223,18.973665961010276,13.565069521057056,5.626327003965869,0.0,18.387495751189174,1.0
714,320.1,18.0,5.9,18.5,4.1,0.2,10.2,67.56799044912712,28.982753492378876,18.65743819499344,14.151953143569186,5.933895104491746,0.4216370213557839,18.11567767923071,1.0
715,320.0,18.2,5.9,18.3,4.1,0.1,10.1,67.46192341692543,29.30604791582182,18.65743819499344,14.10319112825179,5.933895104491746,0.3162277660168379,18.09511904722744,1.0
716,312.8888888888889,19.666666666666668,6.666666666666667,20.22222222222222,4.0,0.0,10.666666666666666,67.46192341692543,29.504236983863855,20.0,13.292646254393608,6.0,0.0,19.390719429665317,1.0
717,320.0,17.8,6.1,18.5,4.0,0.0,10.1,67.46192341692543,28.66201512648947,19.289893727027113,14.886608448908405,6.2182527020592095,0.0,18.882384501022223,1.0
718,320.0,14.2,3.8,17.1,4.0,0.1,7.9,67.46192341692543,24.114541486644757,12.016655108639842,13.320410404087909,5.333333333333333,0.3162277660168379,12.087183294713457,1.0
719,320.0,2.9,0.6,15.3,3.5,0.0,4.1,67.46192341692543,5.546770832355224,1.897366596101028,11.954078801814886,4.743416490252569,0.0,4.771442828607157,1.0
720,320.0,1.8,0.6,15.1,4.1,0.1,4.8,67.46192341692543,2.898275349237887,1.897366596101028,11.435325385255403,5.0431471655438855,0.3162277660168379,5.0508525133002165,1.0
721,320.0,1.8,0.6,13.2,3.2,0.0,3.8,67.46192341692543,2.898275349237887,1.897366596101028,10.538817137927134,4.049691346263317,0.0,4.131182235954578,1.0
722,320.0,1.8,0.6,12.4,2.8,0.0,3.4,67.46192341692543,2.898275349237887,1.897366596101028,9.720539536923292,3.8815804341359033,0.0,3.864367132317183,1.0
723,320.0,1.8,0.6,14.0,3.4,0.0,4.0,67.46192341692543,2.898275349237887,1.897366596101028,10.666666666666666,4.452215428550399,0.0,4.496912521077347,1.0
724,320.0,1.8,0.6,13.3,3.1,0.0,3.7,67.46192341692543,2.898275349237887,1.897366596101028,10.770845422301404,4.383048152953731,0.0,4.321779468896785,1.0
725,320.0,1.8,0.6,13.9,3.3,0.0,3.9,67.46192341692543,2.898275349237887,1.897366596101028,9.882082551545274,4.295992965026311,0.0,4.201851443775179,1.0
726,330.3333333333333,1.3333333333333333,0.6666666666666666,14.0,2.6666666666666665,0.0,3.3333333333333335,68.54925236645548,2.6457513110645907,2.0,10.44030650891055,3.640054944640259,0.0,3.840572873934304,1.0
727,316.54545454545456,2.1818181818181817,0.5454545454545454,14.0,3.727272727272727,0.0,4.2727272727272725,68.52206015052909,3.027149874657078,1.809068067466582,9.622889378975527,4.670993664969138,0.0,4.540724811985617,1.0
728,329.6666666666667,1.3333333333333333,0.6666666666666666,13.444444444444445,2.2222222222222223,0.0,2.888888888888889,69.28924880528002,2.6457513110645907,2.0,11.907047399661169,3.6666666666666665,0.0,3.756475889861548,1.0
729,322.0,1.8,0.6,12.6,2.7,0.0,3.3,69.6658692139367,2.898275349237887,1.897366596101028,9.57078889120432,4.3728963196286985,0.0,4.3728963196286985,1.0
730,322.0,1.9,0.6,13.5,2.8,0.0,3.4,69.6658692139367,3.071373199943851,1.897366596101028,8.872554436137444,3.645392830531285,0.0,3.627058802329452,1.0
731,322.0,1.7,0.6,13.8,3.4,0.0,4.0,69.6658692139367,2.7507574714370344,1.897366596101028,10.507140429250958,4.402019738458447,0.0,4.447221354708778,1.0
732,316.0,2.1818181818181817,0.5454545454545454,14.545454545454543,3.4545454545454546,0.0,4.0,69.02173570694958,3.027149874657078,1.809068067466582,10.25049887921204,4.4802597327306,0.0,4.381780460041329,1.0
733,322.0,5.9,3.2,15.2,3.7,0.0,6.9,69.6658692139367,12.965338406690355,10.119288512538814,11.933147112141038,4.83160888777687,0.0,10.32203683603408,1.0
734,322.0,16.9,6.1,18.7,4.5,0.0,10.6,69.6658692139367,27.33516254041872,19.289893727027113,13.952697867358047,5.6421036266035856,0.0,18.88091334890579,1.0
735,322.0,18.1,5.9,19.1,4.3,0.0,10.2,69.6658692139367,29.145039600819437,18.65743819499344,14.594138853967674,5.793674711844519,0.0,18.39565166010707,1.0
736,328.22222222222223,20.0,6.666666666666667,19.22222222222222,4.888888888888889,0.1111111111111111,11.666666666666666,68.58895278719777,30.0,20.0,15.205079560608832,5.883120864907597,0.3333333333333333,18.947295321496416,1.0
737,320.0,18.0,6.0,19.9,4.6,0.1,10.7,67.46192341692543,28.986586936412884,18.973665961010276,14.200547720266128,6.310485101972924,0.3162277660168379,18.70264390103412,1.0
738,327.1111111111111,13.444444444444445,6.666666666666667,18.444444444444443,3.5555555555555554,0.0,10.22222222222222,67.46192341692542,26.679163738351654,20.0,15.517015749743177,5.387743291748204,0.0,19.765992118900694,1.0
739,320.0,18.2,6.0,18.9,3.9,0.0,10.1,67.46192341692543,29.30604791582182,18.973665961010276,14.051097228805064,5.606543795720616,0.0,18.31483915663289,1.0
740,320.0,18.0,6.0,18.6,4.4,0.0,10.5,67.46192341692543,28.982753492378876,18.973665961010276,14.431447143882234,6.1860057118197584,0.0,18.446619684315547,1.0
741,320.0,17.8,6.0,18.7,4.1,0.0,10.1,67.46192341692543,28.66201512648947,18.973665961010276,13.952697867358047,5.7242175593408975,0.0,18.387495751189174,1.0
742,314.1818181818182,21.727272727272727,5.363636363636363,18.818181818181817,4.7272727272727275,0.0,10.272727272727272,66.84581988698797,30.14661144835654,17.789169330088054,13.585419992169411,6.373239507360587,0.0,17.321032931617612,1.0
743,320.0,18.0,6.0,18.6,4.0,0.1,10.1,67.46192341692543,28.982753492378876,18.973665961010276,13.590846592876806,5.792715732327589,0.3162277660168379,18.46588445996803,1.0
744,320.0,17.8,5.9,18.9,3.8,0.1,9.8,67.46192341692543,28.66201512648947,18.65743819499344,14.425671561490647,5.452828012447608,0.3162277660168379,18.4197961142052,1.0
745,320.0,17.8,6.0,18.4,4.0,0.0,10.0,67.46192341692543,28.66201512648947,18.973665961010276,14.245467115308411,6.018490028422596,0.0,18.517259216441538,1.0
746,320.0,18.0,6.0,19.0,4.0,0.0,10.0,67.46192341692543,28.986586936412884,18.973665961010276,14.445299120013631,5.312459150169742,0.0,18.29996964174774,1.0
747,320.0,18.3,6.0,18.9,4.2,0.0,10.2,67.46192341692543,29.46579938391853,18.973665961010276,14.153523314787106,5.865151319446072,0.0,18.754555002274337,1.0
748,320.0,13.8,3.6,18.2,4.4,0.0,8.0,67.46192341692543,23.91094588955722,11.384199576606166,12.514880032274467,5.601587076693335,0.0,11.215069227507149,1.0
749,327.1111111111111,2.3333333333333335,0.6666666666666666,15.555555555555555,2.6666666666666665,0.1111111111111111,3.4444444444444446,67.46192341692542,5.385164807134504,2.0,13.748737315760229,4.2130748865881795,0.3333333333333333,4.503085362035432,1.0
750,320.0,1.8,0.6,15.3,3.8,0.0,4.4,67.46192341692543,2.898275349237887,1.897366596101028,11.0760000802536,4.565571644870382,0.0,4.402019738458447,1.0
751,320.0,1.8,0.6,14.2,3.8,0.0,4.4,67.46192341692543,2.898275349237887,1.897366596101028,10.982814858779246,5.0508525133002165,0.0,5.037636129950017,1.0
752,320.0,1.9,0.6,13.7,2.9,0.0,3.5,67.46192341692543,3.071373199943851,1.897366596101028,10.446158251827423,3.7844711945293255,0.0,3.92286743197994,1.0
753,320.0,1.8,0.6,12.6,3.2,0.0,3.8,67.46192341692543,2.898275349237887,1.897366596101028,10.06865322561949,4.022160834399561,0.0,4.1041983924323695,1.0
754,320.0,1.7,0.6,13.3,3.1,0.0,3.7,67.46192341692543,2.7507574714370344,1.897366596101028,9.764447984624857,4.0947120370871835,0.0,4.029061098237818,1.0
755,320.0,1.9,0.6,13.0,3.2,0.0,3.8,67.46192341692543,3.071373199943851,1.897366596101028,10.760008261045982,4.541169697580373,0.0,4.4671641514002545,1.0
756,320.0,1.7,0.7,14.8,3.1,0.0,3.8,67.46192341692543,2.7507574714370344,2.2135943621178655,11.163432367431724,4.605552204797066,0.0,4.613988392799541,1.0
757,320.0,1.9,0.5,13.7,3.2,0.0,3.7,67.46192341692543,3.071373199943851,1.5811388300841898,10.677598564804311,4.491968140779472,0.0,4.3728963196286985,1.0
758,314.1818181818182,2.090909090909091,0.6363636363636364,13.545454545454543,3.636363636363636,0.0,4.2727272727272725,66.84581988698797,2.91391645228704,2.1105794120443453,9.668129460900245,4.522670168666454,0.0,4.451761653343744,1.0
759,320.0,1.9,0.6,14.0,3.4,0.0,4.0,67.46192341692543,3.071373199943851,1.897366596101028,10.656244908763854,4.168666186896928,0.0,4.055175020198813,1.0
760,320.0,1.8,0.6,14.5,3.0,0.0,3.6,67.46192341692543,2.898275349237887,1.897366596101028,10.178954323068314,4.109609335312651,0.0,4.060651288757616,1.0
761,320.0,1.7,0.6,12.2,3.0,0.0,3.6,67.46192341692543,2.7507574714370344,1.897366596101028,8.67691701521277,4.08248290463863,0.0,4.033195589934446,1.0
762,320.0,1.8,0.6,13.5,2.7,0.0,3.3,67.46192341692543,2.898275349237887,1.897366596101028,10.55409346599171,3.7133393177689658,0.0,3.888730155490636,1.0
763,320.0,5.9,3.2,15.7,3.7,0.0,6.9,67.46192341692543,12.965338406690355,10.119288512538814,11.605075517969617,5.3343748982946035,0.0,10.56671924277141,1.0
764,320.0,17.0,6.0,19.5,4.5,0.0,10.5,67.46192341692543,27.511613709284465,18.973665961010276,14.167647024902273,5.441609239104836,0.0,18.155195154861627,1.0
765,320.0,18.3,6.0,18.9,4.7,0.1,10.8,67.46192341692543,29.46579938391853,18.973665961010276,13.551957628164116,5.982381539896038,0.3162277660168379,18.558017135459274,1.0
766,320.0,17.9,5.9,19.3,4.0,0.1,10.0,67.46192341692543,28.82302320483864,18.65743819499344,14.704874475266127,5.312459150169742,0.3162277660168379,18.306040290327974,1.0
767,327.1111111111111,13.333333333333334,6.777777777777778,18.22222222222222,3.6666666666666665,0.0,10.444444444444445,67.46192341692542,26.457513110645905,20.333333333333332,14.91457154746473,5.315072906367325,0.0,20.402886506025997,1.0
768,314.1818181818182,21.727272727272727,5.454545454545454,19.727272727272727,5.2727272727272725,0.0,10.909090909090908,66.84581988698797,30.14992838827618,18.09068067466582,13.777451934889188,6.341780650431062,0.0,17.33467360785628,1.0
769,320.0,17.9,6.0,18.5,4.1,0.0,10.2,67.46192341692543,28.82302320483864,18.973665961010276,14.19898274916591,5.933895104491746,0.0,18.47400576185059,1.0
770,320.0,18.3,6.0,18.8,4.4,0.0,10.5,67.46192341692543,29.46579938391853,18.973665961010276,14.459137825841022,5.738757124441959,0.0,18.301487492672404,1.0
771,327.1111111111111,13.555555555555555,6.666666666666667,18.333333333333332,3.2222222222222223,0.1111111111111111,10.0,67.46192341692542,26.898471662490007,20.0,15.297058540778355,5.562773089426212,0.3333333333333332,19.50640920313116,1.0
772,320.0,18.0,5.9,18.1,4.0,0.0,10.0,67.46192341692543,28.982753492378876,18.65743819499344,13.916017948952048,5.773502691896258,0.0,18.153665072253467,1.0
773,320.0,18.0,6.1,18.4,3.8,0.1,10.0,67.46192341692543,28.982753492378876,19.289893727027113,14.261058087595668,5.902918298980975,0.3162277660168379,18.79716290649558,1.0
774,320.0,17.9,6.0,18.2,4.1,0.0,10.1,67.46192341692543,28.82302320483864,18.973665961010276,13.870832707519762,6.1544924874255695,0.0,18.52595776501477,1.0
775,320.0,18.2,6.1,18.4,4.0,0.0,10.1,67.46192341692543,29.30604791582182,19.289893727027113,14.06492880260054,5.333333333333333,0.0,18.609734609129227,1.0
776,320.0,17.9,6.0,18.5,4.0,0.0,10.0,67.46192341692543,28.82302320483864,18.973665961010276,14.485625058427177,6.236095644623235,0.0,18.58912465813158,1.0
777,320.0,18.1,6.1,19.0,4.2,0.0,10.3,67.46192341692543,29.145039600819437,19.289893727027113,13.638181696985855,5.633234713140696,0.0,18.98566710852046,1.0
778,320.0,17.4,3.2,18.5,4.2,0.1,7.5,67.46192341692543,28.12353699898598,10.119288512538814,13.260216187277392,5.411920998027308,0.3162277660168379,10.71084600870642,1.0
779,320.0,4.3,0.6,15.5,3.6,0.0,4.2,67.46192341692543,8.138386408455506,1.897366596101028,11.8157145831774,4.9035134795822115,0.0,4.917090377222873,1.0
780,320.0,1.8,0.5,13.8,3.3,0.0,3.8,67.46192341692543,2.898275349237887,1.5811388300841898,10.35803499168104,4.001388647846033,0.0,3.9944405810520647,1.0
781,320.0,1.8,0.6,14.3,3.6,0.0,4.2,67.46192341692543,2.898275349237887,1.897366596101028,11.12604551891142,4.695151163109069,0.0,4.7093288033198295,1.0
782,320.0,1.8,0.6,14.1,3.2,0.0,3.8,67.46192341692543,2.898275349237887,1.897366596101028,9.904544411531509,4.049691346263317,0.0,3.966526608171604,1.0
783,320.0,1.8,0.6,13.0,3.3,0.0,3.9,67.46192341692543,2.898275349237887,1.897366596101028,10.306416555826871,4.137900702315393,0.0,4.201851443775179,1.0
784,320.0,1.8,0.6,13.7,3.5,0.0,4.1,67.46192341692543,2.898275349237887,1.897366596101028,10.371435130523963,4.600724580614087,0.0,4.483302354291979,1.0
785,320.0,1.8,0.6,13.8,3.2,0.0,3.8,67.46192341692543,2.898275349237887,1.897366596101028,10.432854089099704,4.315347288715269,0.0,4.237399621885521,1.0
786,320.0,1.9,0.6,13.3,2.8,0.0,3.4,67.46192341692543,3.071373199943851,1.897366596101028,10.143963722332607,3.9101008796307144,0.0,3.893013685508382,1.0
787,320.0,1.7,0.6,12.7,3.2,0.0,3.8,67.46192341692543,2.7507574714370344,1.897366596101028,9.730250653389035,4.263540521418529,0.0,4.184627953726724,1.0
788,320.0,1.9,0.6,14.0,3.1,0.0,3.7,67.46192341692543,3.071373199943851,1.897366596101028,10.077477638553985,4.332051092342595,0.0,4.270050741306634,1.0
789,320.0,1.8,0.6,14.5,3.0,0.0,3.6,67.46192341692543,2.898275349237887,1.897366596101028,10.91634859587521,4.346134936801766,0.0,4.29987079909256,1.0
790,320.0,1.8,0.6,11.9,2.7,0.0,3.3,67.46192341692543,2.898275349237887,1.897366596101028,9.32678341599551,4.029061098237818,0.0,4.029061098237818,1.0
791,320.0,1.8,0.7,12.7,2.8,0.0,3.5,67.46192341692543,2.898275349237887,2.2135943621178655,9.463966751139116,3.9101008796307144,0.0,4.169998667732268,1.0
792,320.0,1.8,0.6,13.1,3.3,0.0,3.9,67.46192341692543,2.898275349237887,1.897366596101028,9.608445359277546,4.473378042498879,0.0,4.38304815295373,1.0
793,320.0,2.9,3.4,13.6,2.9,0.0,6.3,67.46192341692543,5.546770832355224,10.75174404457249,10.511369505867869,3.573047252229764,0.0,10.677598564804311,1.0
794,320.0,15.6,5.9,17.8,4.3,0.0,10.4,67.46192341692543,25.334210511129452,18.65743819499344,13.489090241953146,5.334374898294603,0.0,18.148767941041555,1.0
795,320.0,18.0,6.0,18.9,4.2,0.2,10.2,67.46192341692543,28.982753492378876,18.973665961010276,14.019430960079816,5.633234713140696,0.4216370213557839,18.683325899493017,1.0
796,320.0,17.8,6.0,19.7,4.4,0.0,10.6,67.46192341692543,28.66201512648947,18.973665961010276,14.437990010924498,5.738757124441959,0.0,18.179353368282623,1.0
797,320.0,17.9,5.9,19.3,4.4,0.0,10.3,67.46192341692543,28.82302320483864,18.65743819499344,13.86482359546393,5.719362823873925,0.0,18.33666636369145,1.0
798,320.0,17.8,5.9,19.3,4.9,0.0,10.9,67.46192341692543,28.662015126489468,18.65743819499344,14.35308716308485,5.858517066820086,0.0,18.579857671982072,1.0
799,320.0,17.9,5.9,18.7,4.0,0.0,10.1,67.46192341692543,28.82302320483864,18.65743819499344,14.4994252759664,6.0,0.0,18.174768835454888,1.0
800,320.0,18.1,6.1,19.0,4.3,0.1,10.5,67.46192341692543,29.148851702177833,19.289893727027113,13.4412301024373,5.578729445153459,0.3162277660168379,18.584641209581875,1.0
801,320.0,18.0,6.0,18.9,4.4,0.0,10.4,67.46192341692543,28.982753492378876,18.973665961010276,14.79827317253229,5.94792213951879,0.0,18.349689673428024,1.0
802,322.9,17.6,6.1,19.0,4.0,0.1,10.2,68.92096923288297,28.343919590941866,19.289893727027113,14.181364924121764,6.0,0.3162277660168379,18.754555002274337,1.0
803,322.5,17.9,6.1,18.7,4.1,0.0,10.2,69.31129457422907,28.82302320483864,19.289893727027113,14.42259030518135,5.7242175593408975,0.0,18.689272026724016,1.0
804,322.1,18.2,6.1,18.4,4.0,0.0,10.1,69.72238601131714,29.30604791582182,19.289893727027113,14.151560573543351,6.0,0.0,18.81163942291521,1.0
805,322.1,18.1,6.0,18.3,3.9,0.0,9.9,69.72238601131714,29.145039600819437,18.973665961010276,14.19741760556006,5.606543795720616,0.0,18.782083661475543,1.0
806,322.1,18.1,6.0,18.7,4.1,0.0,10.2,69.72238601131714,29.145039600819437,18.973665961010276,14.306564149989956,5.933895104491746,0.0,18.754555002274337,1.0
807,322.1,17.7,6.0,18.5,4.0,0.1,10.0,69.72238601131714,28.499707600839223,18.973665961010276,14.19898274916591,5.773502691896258,0.3162277660168379,18.439088914585778,1.0
808,323.3,17.0,3.2,16.4,3.9,0.0,7.1,71.1290689130994,27.47119703738202,10.119288512538814,12.650867339611324,5.152130088074682,0.0,10.407796223131111,1.0
809,323.1,4.6,0.6,14.6,3.6,0.0,4.2,70.88245355673168,8.315981935740094,1.897366596101028,11.127543404643374,4.926120853842978,0.0,4.9396356140913875,1.0
810,323.0,1.8,0.6,14.4,3.4,0.0,4.0,70.76094340178847,2.936362072739365,1.897366596101028,11.256603000510903,4.599516882842757,0.0,4.496912521077347,1.0
811,322.9,1.8,0.6,14.5,3.7,0.0,4.3,70.64063986120172,2.936362072739365,1.897366596101028,10.906165432655255,4.620004810002306,0.0,4.620004810002306,1.0
812,322.1,1.8,0.6,14.4,3.1,0.2,3.8,69.80042979810369,2.898275349237887,1.897366596101028,10.627009613872255,3.4464152068167553,0.6324555320336759,3.4896672875473067,1.0
813,320.0,1.8,0.6,15.2,3.9,0.1,4.7,67.46192341692543,2.898275349237887,1.897366596101028,11.350966674448676,4.954235000930461,0.3162277660168379,4.922736366426028,1.0
814,320.0,1.7,0.6,13.1,3.1,0.0,3.7,67.46192341692543,2.7507574714370344,1.897366596101028,9.620002310002032,4.0674862562084275,0.0,4.001388647846033,1.0
815,320.0,1.8,0.6,14.1,3.3,0.0,3.9,67.46192341692543,2.898275349237887,1.897366596101028,9.803060746521975,4.64399253516483,0.0,4.557045826702499,1.0
816,320.0,1.7,0.6,12.8,3.1,0.0,3.7,67.46192341692543,2.7507574714370344,1.897366596101028,9.39030232621814,3.695342413844157,0.0,3.622460796505909,1.0
817,321.2,1.6,0.6,13.1,2.8,0.0,3.4,68.81989376465047,2.590581230363393,1.897366596101028,9.608445359277546,3.9384147967311818,0.0,3.9214509786273974,1.0
818,321.0,1.8,0.6,14.1,3.2,0.0,3.8,68.58085252702341,2.898275349237887,1.897366596101028,10.482260146446366,4.491968140779472,0.0,4.417138339593985,1.0
819,321.7,1.8,0.6,13.3,3.0,0.0,3.6,67.66264355856438,2.898275349237887,1.897366596101028,9.76444798462486,4.268749491621899,0.0,4.221637386396684,1.0
820,321.2,1.8,0.6,14.2,3.1,0.0,3.7,67.93591751709025,2.898275349237887,1.897366596101028,11.013123484683575,4.5570458267025,0.0,4.498147766951785,1.0
821,320.7,1.8,0.6,13.1,2.7,0.0,3.3,68.23171305680862,2.898275349237887,1.897366596101028,10.170217958988555,4.137900702315393,0.0,4.137900702315393,1.0
822,320.6,1.8,0.6,11.8,2.8,0.0,3.4,68.11787169637968,2.898275349237887,1.897366596101028,8.841819822738858,3.73571352696584,0.0,3.717824931626316,1.0
823,320.5,2.6,3.7,13.9,3.3,0.0,7.1,68.00531025017254,4.718756898449704,11.700427342623003,10.545667883596142,4.4484703987875305,0.0,11.675710780171896,1.0
824,320.4,15.2,6.0,17.8,4.0,0.1,10.1,67.89403508409264,24.80053762858109,18.973665961010276,13.447841627727644,5.120763831912406,0.3162277660168379,18.555921486744392,1.0
825,320.3,18.0,6.0,19.2,4.6,0.0,10.7,67.78405253286186,28.986586936412884,18.973665961010276,14.37435988912975,5.815687596683837,0.0,18.18454777490432,1.0
826,320.2,18.2,6.0,19.1,4.4,0.0,10.4,67.67536889855538,29.30604791582182,18.973665961010276,14.692779783886293,5.94792213951879,0.0,18.709474723905117,1.0
827,320.0,18.2,6.1,18.6,4.3,0.0,10.5,67.46192341692543,29.30604791582182,19.289893727027113,13.985706989637672,6.019413038937711,0.0,18.727579187450317,1.0
828,320.0,18.1,6.0,18.6,4.5,0.1,10.8,67.46192341692543,29.145039600819437,18.973665961010276,14.361986863476332,5.892556509887896,0.3162277660168379,18.99005587728015,1.0
829,320.0,18.0,5.9,18.5,4.0,0.0,9.9,67.46192341692543,28.982753492378876,18.65743819499344,14.408716497700658,6.0,0.0,18.21141278307522,1.0
830,320.0,17.8,5.9,19.1,4.2,0.0,10.1,67.46192341692543,28.66201512648947,18.65743819499344,13.987693003335307,5.884065110297661,0.0,18.10125839701637,1.0
831,320.0,18.1,6.1,19.5,4.2,0.0,10.3,67.46192341692543,29.145039600819437,19.289893727027113,14.736575812130395,5.633234713140696,0.0,18.62525167615192,1.0
832,314.1818181818182,21.727272727272727,5.363636363636363,19.0,4.818181818181818,0.0,10.181818181818182,66.84581988698797,30.146611448356545,17.789169330088054,13.401492454200763,6.112580172368814,0.0,17.23263289122229,1.0
833,327.1111111111111,13.22222222222222,6.666666666666667,18.0,3.0,0.0,9.666666666666666,67.46192341692542,26.2382248722059,20.0,15.483862567202022,5.408326913195984,0.0,19.60229578391266,1.0
834,320.0,18.1,6.0,18.7,4.1,0.0,10.1,67.46192341692543,29.145039600819437,18.973665961010276,13.832730910577435,5.70477382938574,0.0,18.381452004065885,1.0
835,320.0,18.0,6.0,18.7,3.9,0.1,10.0,67.46192341692543,28.986586936412884,18.973665961010276,14.484090889278791,5.839520528262573,0.3162277660168379,19.154343864744856,1.0
836,320.0,18.0,6.0,19.2,4.0,0.0,10.0,67.46192341692543,28.982753492378876,18.973665961010276,14.164117417693989,6.0,0.0,18.51125783588643,1.0
837,320.0,17.9,6.0,18.9,4.0,0.0,10.0,67.46192341692543,28.82302320483864,18.973665961010276,14.027354229029315,5.57773351022717,0.0,18.37873166945363,1.0
838,327.1111111111111,19.0,3.3333333333333335,17.666666666666668,4.444444444444445,0.0,7.777777777777778,67.46192341692542,28.661821295933027,10.0,14.04457190518814,5.939509893735154,0.0,10.461569884316807,1.0
839,320.0,4.5,0.6,14.2,3.5,0.0,4.1,67.46192341692543,8.289886743630593,1.897366596101028,10.829999487021636,4.527692569068709,0.0,4.557045826702499,1.0
840,320.0,1.7,0.6,13.2,3.2,0.0,3.8,67.46192341692543,2.7507574714370344,1.897366596101028,9.886017061149214,3.8815804341359033,0.0,3.794733192202055,1.0
841,320.0,1.9,0.6,13.2,3.4,0.0,4.2,67.46192341692543,3.071373199943851,1.897366596101028,9.795690662508466,4.402019738458447,0.0,4.2895221179054435,1.0
842,320.0,1.8,0.6,13.9,3.2,0.2,3.8,67.46192341692543,2.898275349237887,1.897366596101028,10.67135313715078,3.823901439919996,0.6324555320336759,3.9101008796307144,1.0
843,321.2,1.8,0.6,14.2,3.3,0.0,3.9,68.81989376465047,2.898275349237887,1.897366596101028,10.942272768183642,4.922736366426028,0.0,4.840798832148815,1.0
844,321.0,1.8,0.6,13.1,3.3,0.0,3.9,68.58085252702341,2.898275349237887,1.897366596101028,9.870832453918633,4.473378042498879,0.0,4.532597979574677,1.0
845,320.9,1.8,0.6,11.9,2.8,0.0,3.4,68.46320990949162,2.898275349237887,1.897366596101028,9.65459015759401,3.645392830531285,0.0,3.627058802329452,1.0
846,320.8,1.8,0.6,12.0,2.8,0.0,3.4,68.34682793582222,2.898275349237887,1.897366596101028,9.797958971132712,4.366539438350084,0.0,4.351245032554858,1.0
847,313.6666666666667,2.0,0.6666666666666666,13.88888888888889,3.5555555555555554,0.0,4.222222222222222,68.41783393238929,3.0,2.0,8.565110105019732,4.216370213557839,0.0,4.055175020198813,1.0
848,320.6,1.7,0.6,13.3,2.5,0.0,3.1,68.11787169637968,2.7507574714370344,1.897366596101028,9.809858986414296,3.3747427885527643,0.0,3.414023367751831,1.0
849,313.44444444444446,2.0,0.6666666666666666,14.555555555555555,3.5555555555555554,0.0,4.222222222222222,68.13793200397102,3.0,2.0,9.63212218453326,4.419024527854284,0.0,4.265494630689909,1.0
850,320.4,1.8,0.6,12.7,2.7,0.0,3.3,67.89403508409262,2.898275349237887,1.897366596101028,10.06699778704875,3.9171985454460234,0.0,3.9171985454460234,1.0
851,320.3,1.8,0.6,12.1,2.7,0.0,3.3,67.78405253286188,2.898275349237887,1.897366596101028,9.109823757290195,3.7133393177689658,0.0,3.7133393177689658,1.0
852,314.1818181818182,2.1818181818181817,0.5454545454545454,12.181818181818182,3.272727272727273,0.0909090909090909,4.0,66.84581988698797,3.027149874657078,1.809068067466582,8.41211247925492,3.8753298979805346,0.3015113445777636,3.6606010435446255,1.0
853,320.0,6.7,3.7,15.4,3.7,0.1,7.5,67.46192341692543,13.792510044706631,11.700427342623003,11.315672514015436,4.473378042498879,0.3162277660168379,11.900046685249228,1.0
854,320.0,17.5,5.9,19.9,4.4,0.0,10.4,67.46192341692543,28.186876378910807,18.65743819499344,14.145670715805595,5.738757124441959,0.0,18.28903739645389,1.0
855,320.0,17.9,6.1,18.6,4.5,0.0,10.8,67.46192341692543,28.82302320483864,19.289893727027113,14.439144326755963,5.6421036266035856,0.0,18.907964224397908,1.0
856,320.0,17.7,5.9,18.8,4.3,0.1,10.3,67.46192341692543,28.499707600839223,18.65743819499344,14.203286004771336,5.558776843874918,0.3162277660168379,17.9074782640599,1.0
857,320.0,17.9,6.0,18.8,4.1,0.0,10.2,67.46192341692543,28.82687789006796,18.973665961010276,14.451451291979104,5.9338951044917465,0.0,18.831415831589037,1.0
858,320.0,17.8,6.1,18.2,4.2,0.0,10.3,67.46192341692543,28.66201512648947,19.289893727027113,14.06176849949299,5.652924513520021,0.0,18.63121633770115,1.0
859,320.0,18.1,6.1,18.9,4.4,0.0,10.5,67.46192341692543,29.148851702177833,19.289893727027113,14.224001624796808,5.94792213951879,0.0,18.650290435629504,1.0
860,320.0,17.9,5.9,18.4,4.0,0.0,9.9,67.46192341692543,28.82302320483864,18.65743819499344,14.253264733230615,6.0,0.0,18.21141278307522,1.0
861,320.0,18.1,6.1,18.4,4.1,0.0,10.2,67.46192341692543,29.148851702177833,19.289893727027113,14.06492880260054,5.70477382938574,0.0,18.68332589949302,1.0
862,321.0,17.9,5.9,18.5,4.3,0.0,10.2,66.47472368418607,28.82302320483864,18.65743819499344,14.206805880750723,6.254775952999613,0.0,18.54603881036475,1.0
863,320.7,18.1,6.1,18.6,4.2,0.0,10.3,66.75668921954978,29.145039600819437,19.289893727027113,14.167254889748795,5.884065110297661,0.0,18.70264390103413,1.0
864,320.4,17.8,6.0,18.3,3.9,0.0,9.9,67.05089277721977,28.66201512648947,18.973665961010276,14.19741760556006,5.858517066820086,0.0,18.501951848986696,1.0
865,320.1,17.9,6.1,18.6,4.0,0.0,10.1,67.35717399719861,28.82302320483864,19.289893727027113,14.159409906097393,5.773502691896258,0.0,18.740627287023003,1.0
866,320.0,18.1,5.9,19.2,3.8,0.0,9.7,67.46192341692543,29.145039600819437,18.65743819499344,13.902837440209424,5.902918298980975,0.0,18.25163615192408,1.0
867,320.0,18.1,6.0,19.0,4.5,0.0,10.5,67.46192341692543,29.145039600819437,18.973665961010276,14.071247279470288,5.66176258382101,0.0,18.584641209581875,1.0
